Mixture	ESCC1	ESCC2	ESCC3	ESCC4	ESCC5	ESCC6
aDC	6.67566703032664e-19	0	0.00240732958333769	0	5.42894615310507e-18	0.0119290922516798
Adipocytes	3.52163334690919e-19	0	0	0	4.54353885991076e-19	0
Astrocytes	0	1.63198427792038e-18	0	0	2.0266289059775e-18	2.68949624816808e-17
B_cells	0.0213793345315022	0.00768598499638763	7.19344332083836e-20	3.71977067426767e-18	0.00404769131956277	8.15239701895274e-18
Basophils	0.166657754754635	0	0.104846989395989	0	0.0632534279515526	0.037979471639149
CD4_memory_T_cells	0	2.34876357094785e-20	0.00422590300554204	0.0179408387618969	3.57406392686204e-19	0
CD4_naive_T_cells	0.0109043838798189	1.38626388893084e-18	1.17688617174941e-18	6.59407612372612e-18	0	3.20454279553371e-19
CD4_T_cells	6.92461912389456e-18	0.00307969376672088	1.29660009721627e-18	0	0	0
CD4_Tcm	0	0.0393230579235134	0.0165940894553662	0	2.38549973710744e-18	6.58636843354722e-18
CD4_Tem	0	2.9792230139704e-18	0	0.0138135604824909	4.53346333609609e-18	0
CD8_naive_T_cells	0	0.00760035508902228	0.0298078808360091	0	0.0151694873776007	5.15997007028112e-18
CD8_T_cells	0.0756024687380695	0.00040556955712239	0.00241739290772386	0	2.86812191108271e-18	0
CD8_Tcm	0.00546656015709425	0	1.08420675967389e-17	2.59063640945312e-18	2.73521626034689e-05	0
CD8_Tem	0	1.51265372611788e-18	8.56986839031334e-18	0	0.00871806878293193	0
cDC	2.81649793990222e-19	0.0469012991232284	0.0042845254295551	0.0479661515995044	0.195250930543531	3.99736094529472e-18
Chondrocytes	1.49499482478858e-17	0	4.09154552398053e-18	0	0	0
Class_switched_memory_B_cells	0.00385119116934705	0.013142109661073	0.00620572943157215	0	0.0102354647334389	0
CLP	0.00817808968149224	0.00328442887471346	0	1.82786277764367e-18	0	6.64709710934551e-19
CMP	0.0104059462559465	0.00575467905145896	5.98403659139889e-19	0	0	1.00493276093666e-20
DC	0	6.06313587516322e-22	0	2.00190580919364e-18	6.59110128598998e-19	0.00569306234147374
Endothelial_cells	0	0.00710917313252131	0.0110987985406319	1.95020873171387e-18	1.20354741672839e-19	0
Eosinophils	2.62559134438121e-18	5.60644052531937e-19	0	2.70612734842215e-18	1.43223459629359e-19	1.70331938071968e-20
Epithelial_cells	0	0	0	0	0.00275164277684478	0.0163439272762714
Erythrocytes	0.000689707820064602	0	0	0	2.44043731247192e-19	0
Fibroblasts	8.62291919860851e-18	0	6.94326303456945e-18	2.53230521024504e-17	0	1.64530713188905e-17
GMP	0.00612680164983033	0.00653009159161458	2.43873919954507e-18	0.120237601672999	0	0.0584390557765761
Hepatocytes	0.000347008500887113	6.19775781873958e-19	0	0	0	0.00449697330479842
HSC	2.86628070906329e-18	0.0296653653887707	0.119156791325788	0.135290944588483	0	0.142440146770326
iDC	0.0278325050251929	0.137070048264276	0	0	0	0.0245421826455853
Keratinocytes	0	2.45670218448056e-20	0	0	3.67258534253485e-21	0.000200197099296435
ly_Endothelial_cells	0.00112979532476027	0.00508320135960609	0.00187556214195143	3.42701428166655e-19	3.71905235031653e-05	2.13996007181886e-20
Macrophages	2.46371312486077e-18	0.00434985553082364	0.00843274542968746	2.09886028402811e-20	0.0214213043521148	0.0149302774773756
Macrophages_M1	3.60168037126896e-19	0.0114298506791643	0	0.00161673073788935	0.0265077926239517	0.028560122927986
Macrophages_M2	3.79967395645546e-20	0.00584322458496532	0.000803346277015943	0	0.00302829460219506	2.61127960584314e-19
Mast_cells	0.00134394278040951	8.77691714208569e-19	0.0176753320984551	0.0256561142118297	0	0.00159149584671808
Megakaryocytes	0	0	0	0	0	0.00567385330557419
Melanocytes	0.00238598085887739	0	3.82894717214138e-20	0	0.00521146585432152	0.00193730036411278
Memory_B_cells	0.0272299081877204	0.000391553205912734	0.00129538449980182	6.63083881632404e-18	5.63261534976041e-19	0
MEP	0.0635230280983525	0.00466488391870978	0.0351674617894911	5.89838403031277e-18	0.0106082929970548	0.00732673280265558
Mesangial_cells	0	0	0	0	0	6.57696268968722e-21
Monocytes	0	0.0227632032623962	0.00350077818812263	0	0.0256550408910467	0
MPP	0	0	2.71524881639735e-17	0	1.68714861109425e-18	3.69320967347961e-17
MSC	0.185972063089916	0.151714793004252	0.121119345567694	2.28752316257336e-17	0.140531472822215	0.287343512887395
mv_Endothelial_cells	0.00179335928128015	0.000634273199510918	0.00100287082036524	0	0	1.96484356733051e-18
Myocytes	0	0.00394337331767031	0.00510347066217778	3.16750536532703e-19	0	0.000306333782173703
naive_B_cells	0.0121235786179641	2.37180973145797e-18	0	5.67518251058464e-19	0	0
Neurons	0.00255216952660571	0.00474137564619146	6.44879450086253e-05	0	0.00121904359736598	0.0058100385475199
Neutrophils	0	0	0	0	0	5.04350811211457e-20
NK_cells	3.11128878121717e-17	3.10043213919357e-19	0	4.14799002572352e-18	0	5.32445104016099e-17
NKT	0.0250533787587132	0.00961978652694602	0	0	0.0508493286688451	0.0110170013844586
Osteoblast	0	0	3.02230196906943e-18	0.00442944668140708	3.55174305511806e-18	0
pDC	0.053764911675476	0.0737022316552979	5.91759039263833e-18	0	0	0.0365834720694348
Pericytes	0.096784132838512	0.22765240929598	0.168505703111574	0	0.315580065829935	0.115578405741089
Plasma_cells	0.0342919169751415	0.027951160556337	0.00246816679924559	0	0.0371253868240865	0.010862254814506
Platelets	0	0.0061104651368703	0.0403394478542724	0.0269303045458478	0	0.120070949506319
Preadipocytes	0.0352782515761807	6.82974595970689e-18	0	0.0661296450981872	1.26612789703425e-18	0.0134674915871207
pro_B_cells	0.0203457635097065	0.0159004113855893	0	1.13336340404531e-17	0.00828565595196077	0.010872097218186
Sebocytes	9.13244789687269e-21	5.02913850419429e-05	0	1.90568360340491e-19	2.50651344445297e-19	0.00150571805525915
Skeletal_muscle	0	0	1.09198568678176e-19	0	2.02796163331103e-18	5.77333061016791e-19
Smooth_muscle	0.0759408409106194	2.45571892192495e-17	0.139028522320773	0.427424316268003	1.6112129840306e-18	0
Tgd_cells	0	3.19069012086638e-18	5.62763922615912e-18	4.12387952348233e-18	3.0904477545802e-20	9.93332067664381e-18
Th1_cells	6.37399945702182e-19	0	1.28902391448738e-17	0.0628095735229602	0.0396061532074608	2.31632430505436e-18
Th2_cells	1.33648069992188e-18	0.0906853985799777	0.100024221393893	0.0497547718285017	0.0148794456058779	0.020717508835937
Tregs	0.0230452258258845	0.025216401348334	0.0525477231889552	0	1.83012703433734e-19	0.00378132374102131
