Mixture	MEL01	MEL02	MEL03	MEL04	MEL05	MEL06	MEL07	MEL08	MEL09	MEL10	MEL11	MEL12	MEL13	MEL14	MEL15	MEL16	MEL17	MEL18	MEL19	MEL20	MEL21
aDC	0.0812989023127909	0.0732115272327753	0.0622321068049169	0	0.0134507089082015	0.0130782350761005	0.0402702884631379	0.0505638282116897	0.0677332382947341	0.0421950128365303	0.0514398412733896	0.0505810592033978	0.0209920256900396	0	0.0164938454593895	0.0395166570328786	0.00469606745592804	0.048872291453877	0.00997405681766309	0.000828465459449165	0.0550406595008949
Adipocytes	0	0.00911687838541273	0.00669751150534839	2.57981691193394e-20	0.00375445525399323	0	0	0.0122177198566005	0.00995180244640414	0.0122534141073431	0	0.00650680452667542	0.000293655525019454	2.4536305224511e-19	0	0	0.00760994272537149	0.00743355472841707	1.1869542404983e-18	2.18516173880864e-19	0
Astrocytes	0	0	1.47402468927226e-18	0	2.76551940478407e-17	5.38207945945604e-19	7.33430355404921e-18	3.75455436741118e-18	0	4.79703573408547e-18	6.50462946776306e-18	0	4.60360909651243e-18	3.0295008751655e-17	3.79891897390881e-18	0.0111013041438516	3.77056628238561e-19	0	0	6.96283909407735e-19	0
B_cells	1.54916971732044e-19	0	0.00900844624493876	0.010591954576229	0.0557004449059569	8.24894029398829e-20	1.39371878155371e-19	8.77633614516683e-19	8.91884203032845e-21	0	3.28414136462524e-19	0	7.43982413284515e-19	0.0316364313639912	0	0	0	0	0	3.92919102914933e-18	0
Basophils	0.168330179754643	0.180354976013346	0.179434642167528	0.0935943716987704	0.191105221330817	0.20358113422056	0.10692039975505	0.204317800254801	0.123023545760842	0.137236825076586	0.210229062686489	0.119768940309689	0.170783464144443	0.0898946903322391	0	0.189092535040318	0.212366399259877	0.149441193565075	0.271032114287716	0.0646015715283064	0.130599450365719
CD4_memory_T_cells	0	0	0	0.0469141550352267	0.0257053785397239	0	0	0	0	6.26102593968178e-19	0.0239386067009614	3.78868649562532e-22	0.0499729152327299	0.0863294868771149	0.0666791142405709	0	3.36594917204461e-21	0	0.0356086869208729	0.00374176305325021	0.0299114352739475
CD4_naive_T_cells	0	0	7.98351242352924e-18	0	1.63217107083111e-18	5.15967362990458e-18	0	0	1.11349633639367e-19	2.95074653299077e-19	1.88716425828486e-18	0	2.71663263060411e-18	0.0196593273927819	0	0	0	0	0	1.28026160478767e-19	7.58768388149851e-19
CD4_T_cells	0	0	8.64170388853823e-18	1.78311801541713e-18	2.51529414562443e-18	0	3.87537712839167e-18	1.98707310480248e-17	0	4.75641066577557e-18	2.62171568539223e-18	0	0	0.0185815916456691	0.00425303038898906	0	0	0	0	0	5.92733344041634e-18
CD4_Tcm	2.9471798578168e-19	0	0	0	9.88150020433723e-18	2.36777201446218e-18	0	0	0	9.47636326179207e-18	1.67235996253266e-17	0	8.90625460662405e-18	0	0	1.47830133480967e-18	0	0.0066041883331077	0	3.61359148466374e-18	0
CD4_Tem	9.76250175224219e-18	0	0	5.86163565439461e-19	5.11742670277697e-18	0	0	0	0	0	0	0	0	0.00608652120880018	7.11275515682763e-19	0	3.74439187487494e-18	0	0	1.35245049016611e-17	0
CD8_naive_T_cells	0.00588617566163596	0	6.51143977086214e-18	6.92786887073113e-19	0.00398842605747071	0	0	0	0	0.00188877379487258	0	1.72877587744399e-18	0	0	0.0146565817586887	0	4.88362604950604e-19	2.64495764743519e-19	2.03641169197967e-18	0.00492454393316215	0
CD8_T_cells	8.43375150443729e-20	1.60657104863652e-18	2.12173053942532e-18	0	0	1.01456189606619e-18	0	0	1.95783880418815e-19	0	4.06459203104665e-19	4.73121450323189e-19	2.70780891945662e-20	0.0166982202124277	0.0372469328679357	0	1.1115774566908e-18	0	0	1.96183696614436e-19	0.00771916499983931
CD8_Tcm	0	2.26325311043428e-19	4.81098272200897e-18	0	1.13405232567139e-17	2.18956702725749e-18	2.29071985043683e-18	6.2103847032422e-18	2.57616775835208e-18	0	4.18336147085612e-18	1.36047553431263e-17	0	0.00510779730881899	2.33476415007311e-20	0	0	0	1.33520573390108e-17	0	0.0068999329650227
CD8_Tem	4.12386942353881e-18	0	0	1.62258705941506e-17	7.32529963165385e-18	0	0	0	0	0	0	1.13591226460598e-17	1.53254053684091e-17	5.95786371359038e-18	0	0	0	0	0	0	2.80601489690862e-18
cDC	0.0106256306256906	0.0355270926266229	0.0375758074399457	0.0870254005955514	0.0308694802112396	0.0458885428224119	0.0395308765323337	0.0687693796625707	0.0473957527487054	0.110537173312887	0	0.0488788272612787	0	0.0248207388094043	7.93191073102622e-19	0.0710381181571021	0.0937779992770662	0.059654553235001	0.00107066700042939	0.0196787401228479	0.0126193496177312
Chondrocytes	5.55962614996402e-18	0.00632391184680202	0	0	0	0	8.52330384689283e-18	8.44450102543505e-20	0.0088668207967228	2.53761049731929e-18	0.00479511944412596	6.54037875327466e-18	4.83452079925466e-18	3.50808672883083e-18	0	4.09468143979511e-19	1.7699518544685e-17	0	0	0	0
Class_switched_memory_B_cells	2.81193582140118e-18	0.0123939458407495	0.00036497031372376	0.0125073603813958	0.0130423714218963	9.3771585546916e-19	0.00761505765600009	9.27091231553969e-19	0	0.0033470519113774	2.48323616850895e-18	0.0140655050759293	0	9.69781238154702e-19	0.00472255451964292	5.08579220739186e-21	0.00123702270944784	0.00175325953016168	0.02148593653497	3.43689059923878e-19	0.0030876356911877
CLP	0.0481954767282355	0.0133628169665609	0.0139270688804682	1.56119073943837e-19	0.00781802129387454	1.71085549098555e-18	2.85718566848058e-05	0	5.41050609774015e-20	6.25894201611174e-20	0.00214738353095924	0.0168678398664585	2.24384532486223e-19	0.00931367730302163	0.00374493700412466	0	0	0.0176808894569774	0.0448819340583899	0.00397216127426096	0.00843251376275655
CMP	2.18150712305929e-21	4.01350090200687e-19	6.91274840738402e-19	0	0	2.580256251394e-18	0.000250370933166179	0.00111251173745827	0	0	8.64296718882481e-18	1.19137845812809e-18	0	6.13820071650347e-19	1.69501183890255e-18	0.00373468081335302	0.000879630369095835	0.00835817028802585	5.39591045229256e-19	0	0.0034340501211782
DC	0.00797271647749552	0.0143896529466102	0.00509727968197755	0	0.00697233226179287	0.0112872733511473	0.0136727160155431	0.0180247812987329	0.0117841200485284	0.0152479722085361	2.53812069425381e-18	0.00356185580856074	0	1.69801850923117e-20	3.13841617303364e-19	0.0109471829537537	0.0079322973211281	0.0158986684369585	2.71719801492676e-19	0.00133184634416514	0.00363968704026964
Endothelial_cells	0.00974841060762827	0.0114865570037676	0.0127151882142142	0	1.53307201725469e-20	8.62702375250877e-19	0.00659532241640048	0.00375202916054896	0.0133087993599309	0.0144837099534493	0.000117242974964315	0.0046020171547631	0.0293021819102724	3.55441792132093e-20	3.00180782508449e-18	0.0130490102195792	0.00759940216507531	0.00950431419941863	0.011463573923594	0.0206436365322287	0.00816448421416828
Eosinophils	0.0211584626775351	0.0268386792080103	0.00653775501711041	0.0432262487279869	0.000874463789763852	0.00338898736180036	0.0260926188640109	0.0133660939264496	0.00613559377698994	0.0178921894160231	0.00627462016035879	0.0303618797484047	9.35828887618415e-18	1.72551261520819e-19	4.01249379995588e-18	0.0353467061740637	0.0222523095929602	0.00873092458918263	0.0128666465215143	0.0186034815048814	0.0197237408721565
Epithelial_cells	0.0251280181156676	0.0286657339172235	0.0325030921860286	0.0126656624538074	0.0129617478127799	0.0490749394025803	0.027577306634721	0.0545956861800395	0.0698250536058297	0.0505789379414055	0.00700186434594635	0.0177935182534464	6.46358932314046e-19	0.0022372597020571	0	0.0453346903020557	0.0539776186006014	0.043929546915574	0.0360398738741645	0.0309891768631107	0.0267636861684767
Erythrocytes	0.0005723872859115	0.00109339843618974	0	0	4.37660988591881e-19	8.70789570595431e-19	0.000284146466361039	0	0	0	3.23085315268526e-19	0	0	4.44147345821906e-20	0	2.00360600725118e-21	0.00294113537172976	0.00108499731099356	0.0020523272725705	0.00343064222378442	0.00147289534501209
Fibroblasts	0	2.84385518560547e-18	2.74204199673642e-17	3.51699354338799e-18	2.00396497464935e-17	0	2.09465618362229e-18	1.74782219912792e-17	5.4179949823496e-18	3.6661554703566e-18	0.0263767162260575	2.34574808360077e-17	0	2.00079236147659e-17	4.61246580544467e-18	0	0	0	7.54294347506271e-18	9.40159939640044e-19	6.07721484998789e-18
GMP	0.0169677686950566	0	0	0.100553269914716	8.70321931884028e-18	8.17523076269182e-18	0.00701510087387828	0	1.15557963417013e-17	0	0.0450169991478552	0.0279148335241079	0	0.0571545272829021	0	2.07356307987624e-18	6.05446953433293e-18	0.000323179105186407	0.000454853053976256	0.0794744969257033	0.0270295546800532
Hepatocytes	0.0024876066006312	0.00522870414426002	0.00264987571319491	0	0.00319151423017124	0.0052782461529983	0.00209641941661023	0.00755866985937898	0.00174251056726688	0.00457325887942016	0.00431365179919195	0.00120235975966601	0.000698393161045679	0	0	0.00510828001986329	0.00259494644341135	0.00444129158139983	0	0.00132644379094055	2.86024734334101e-19
HSC	0.0754159181426946	5.7496888505259e-20	0	0	0	0	0.0335673838794482	0	0.0453175444551665	0.00344840347625551	0	0.106455937931471	0.114119338190096	0	0.0351505871482823	3.47764320473115e-18	0.00063053195588708	0.0190823588018125	0.0759740998836951	0.135450926654736	0.0782463565186977
iDC	0.0158162964351453	0.0671877382830618	0.157569375609587	0.125127652058462	0.167898650607835	0.14938173927662	0.230878610938779	0.0971086076219535	0.139571161884686	0.098911281367801	0	0.117066818746603	0.0127234105170241	0.0084846214593756	1.68737702702449e-18	0.160762649982889	0.171327752870675	0.0814766656981539	0.0439354217838548	0.0915469950393767	0.140228446257963
Keratinocytes	0.000646257186366135	0.00306152453783286	0.00131154830357502	1.7415631681973e-19	0	0.00623637413070045	0.00582903528661855	0.00836054293363277	0.00819272775842891	0.00545231480846897	1.18689703143846e-18	0.000958176972323443	2.60631437376344e-18	2.18038933894803e-19	7.74937978768083e-20	0.0103502002545373	0.00826579233953647	0.00597674833953917	4.65809775005573e-19	0.00444804529560525	0.00136655281105668
ly_Endothelial_cells	0.000794208074496655	0.00285063879649504	0.0145066316675036	0.00901724479228095	0.00343155604271144	7.18190704345806e-21	0.00882189502012849	0.00697454332221044	0.00731642494372499	0.00805874050878175	0	0.00260738409982369	0.00448747441793656	3.79268174194564e-19	3.3643153558785e-19	0.0122019275876749	0.0106143601136877	0.00290912064823432	0.00475517911536183	0.0063499991108009	0.0019009009415038
Macrophages	1.18461940919275e-18	0	0	4.35633557411376e-18	8.00194384892991e-19	1.72951959758942e-18	0	0	5.80759250252852e-18	6.99486922770563e-19	0	1.02652806043342e-18	0	4.44921128476182e-19	1.4925476688182e-19	0	3.93120266265376e-18	1.81496660845342e-18	0	0.000356671203813759	0
Macrophages_M1	0.0038353351651973	0	0.00717005115682034	1.8956082237988e-19	1.42963906841538e-19	0.001647956486418	0.00161548792433966	0.00201302655345742	1.79682574087036e-19	8.6329264441484e-21	2.71280257148337e-18	0	1.3023495202935e-18	0	8.34847137286641e-19	1.23615643747413e-18	0.0034750046654971	0.0056766579437202	0	0	2.93166850890846e-20
Macrophages_M2	0.00897694620663204	0.00130597040274501	0.0031063537212588	0.0285557657455001	0	0.0080417623559544	0	0.00714860345167571	0.00040251740788301	0.00539855911799489	0	0.023666912619292	0.0015962927305827	0.000554402901641004	0.00466501486451444	0.00422183040991332	0	3.06730396244226e-19	0	0.00882834996995807	0
Mast_cells	0.0128425519292143	0.0122224340564737	8.93222047737316e-24	0.0149277080166787	0.0100541835125217	0.00777275502027425	0.00783841435782017	0.00166290415718561	0.00415932185229319	0.00084960313056264	0.0257609255190532	0.00777009424834142	0.0203426028532996	0.0259067287866957	0.0301986054836717	0.00455040579756082	0	0.00432887563197278	0.0142174900388948	0.00838042580236548	0.0040376177525525
Megakaryocytes	2.58545056513467e-20	0	2.44772557183197e-20	0.000253662677362329	4.82506178959674e-19	0.00526784676022395	0.00292760065030277	6.84530481887862e-19	0	0	0.0113372822197615	7.57918025772941e-20	0.0126331959851895	0.00630901129960401	0.0114859649141273	1.59914273214018e-19	0	9.21956316189346e-05	1.87493218278943e-20	0.00339278325235588	0
Melanocytes	0	0.00212756385494225	0.0012750627035576	0.0105665033926865	0.00627866824804229	0.000299854396639818	0.000180025487558064	0.00135979603467549	0.000545748726819174	0.00265989190385953	0	0.00217089813421805	0.00545828109737793	2.17737426982937e-18	1.16900539094027e-17	0.00106968476234939	0.00132328565178036	0.000515363155944974	0	0	0.000660969427398185
Memory_B_cells	0	0.00103832311666447	0.0143411063545704	0.0108181848999268	0.0159266936791038	0.00914605118477148	0.0169573350980208	0.00785003790339359	0.0234522916731173	0.011833244370444	0.00453869944689843	0.0151812995747187	1.08333429920921e-17	0.01383716572484	0	0	0.00471924399058389	0.0156206247219365	0	0	7.18053705411915e-20
MEP	0	0.00412877416265508	0.000776135885407958	0	6.38185773629894e-19	0.00323132721325051	0.00577489894368715	4.26548633752231e-19	0.0192170980540669	0.00790166195607354	2.99494187277407e-20	5.35016164150064e-18	1.33269979632214e-18	5.86042526503697e-18	0.0128775367133692	0.00739708637818976	0.0046245401250408	2.9820739708151e-19	0.00128866686197009	0	0
Mesangial_cells	0.0134708814828508	0.0032568825913279	0.0129186829987597	0.0366013518728391	0.0023795970840201	0.00899005359185879	0.00159358384565463	0.00785583610379448	0.014506050976592	0.0135555826172479	0.0322420829593111	0.00568208083217739	0	1.94725984012658e-19	0	0.0279871194011309	0.0163693656169852	0.00397909523894061	0.0207491859670649	0.0168253866935231	0.012876475713141
Monocytes	1.83977363059345e-17	1.84066927383836e-17	0	7.13705073437608e-18	0	0	0	8.14702286698532e-18	0	0	8.44924235889667e-19	0	2.35979257338558e-17	0	0	3.62763511019349e-18	1.54950624841481e-17	2.01948802709711e-17	0	0	7.82012402191137e-18
MPP	0	0	0	1.47210055728558e-18	8.838820935413e-18	1.54884184299605e-19	1.00212300768509e-18	5.32893117619471e-19	0.00721558136894612	0	4.91334764865687e-20	8.72699080410139e-18	3.78729750742301e-17	0.00338684485236469	0	0	0	0.00638230756429695	0.00837205072257477	1.70021083068122e-19	0
MSC	1.38314552093418e-17	0.134460976105035	0.196078172365575	0.0475981093875657	0.122890656378135	0.222136772129017	0.158258933265895	0.124012960099647	0.0832507774795899	0.0729986011276287	0	0.0593707981572079	0.107464382296016	1.81297235846031e-17	0	0.119642381794735	0.15524316132853	0.079402890281871	7.7899583252392e-19	0	0.128599505186676
mv_Endothelial_cells	0.00576928338998744	0.00838579052882339	0.0155265568110058	0.00653443868692488	0.00336391453884892	0.0030512936701925	0.0097263846454965	0.0109282996097681	0.0090568732766221	0.0172261165226535	0.00125474768080587	0.00770929446228612	0	0	0	0.0130989513141806	0.00698576277313814	0.00888339366893209	0.00913600748251995	0.0107165419716245	0.00321131962076008
Myocytes	0.013791686655615	0.00833995513601342	0.0230572306971516	0	0	0.0159634197374372	0.0126795147409185	0.0210925447640537	0.00768189147239473	0.0169184786417222	0.00167712391204898	0.00400358644506044	0.00134364603835985	0	1.11463807144545e-18	0.00909645036088709	0.0129740298957917	0.0144355019065508	0.00998294668580674	0.0239715017010279	0.00877916426650819
naive_B_cells	0	9.74682607553474e-19	0	1.42470854425946e-18	0.00926743240130604	2.63810971130975e-18	4.19586621257876e-19	1.79439478270512e-19	0	1.56883523550188e-18	0	6.05841789877858e-18	2.20473030179547e-19	0.00470346987669804	0	0	4.14980586555519e-19	3.95071374403968e-18	5.05333769797166e-18	0	0
Neurons	0.000387494812844417	0.00397809969321325	0.00415077806892474	0.00154729008969426	0	0.00329887416263216	0.00335083211517806	0.00422292656093597	0.00793185710106314	0.00174723135736924	0	0.00269828334852469	0.000418932943601926	0	1.37380866902957e-19	0.00578356961124108	0.00145078110949248	0.00106973859195751	0	0.000692950480558586	0.00211289341745309
Neutrophils	0.000494013553410326	0	1.61091547257046e-19	0	0	0	1.8695293179985e-19	1.11052443834754e-18	5.63681224075989e-19	0	0	2.34663751635494e-18	0	0.00113822534790777	1.67661896782817e-20	0	1.02959543872695e-18	7.7595793225752e-19	0.00104127140800393	0	3.74184624893727e-18
NK_cells	2.73904375880735e-17	3.85189816551555e-19	0	1.06773988035844e-17	2.30479873024557e-17	0	9.15520934768329e-20	8.1118795609211e-19	1.00231501798166e-17	6.60292644261286e-19	0	6.84798635974877e-19	1.94627585733366e-17	8.29492225148624e-18	1.16123003873003e-17	7.43372705717825e-19	0	8.00494593136182e-19	5.57353371934413e-18	0	2.8402714122738e-17
NKT	0.0550660341699036	0.0644744564377908	0.0550053892630245	0	0	0.0649800009020093	0.120633538636932	0.101165208724786	0.143270660409444	0.058638606436386	0.0969141213758557	0.108230984279338	0.0241614201131269	0.0213865526566685	2.28304505272439e-17	0.0705256243883135	0.0660958234013484	0.16069742836172	0.0364448924239847	0.119384628990267	0
Osteoblast	0.00127364501676695	0	0	0	6.86317003268963e-18	0	4.79412439324151e-18	0	0.0180352287039829	5.97503296714412e-18	0.0237495123227726	3.40608989189119e-18	1.66829602797518e-19	0	4.76188431496805e-18	0	0	0.0078157460483333	2.82063606320441e-18	0	0
pDC	4.50002029805625e-18	0	0.00481029633863584	7.057682509363e-05	0	0.000371399633768692	0	0	1.05221996885422e-18	4.2267852339945e-19	7.21747686355842e-21	3.46111786513328e-19	2.62859117697803e-19	0	0	0	0	0	0.00410128576495355	2.5209454853521e-18	1.83456978620855e-18
Pericytes	0.0918220705484389	0.0634876543307432	0.0415336345721027	0	0.046501891668637	0.0772428512878099	0.0459630391316647	0.0896120983389688	0.0362902436788482	0.0787618322015823	0.033634522092462	7.05182704618535e-18	1.27343511521798e-17	0	0	0.0545091647258625	1.03824724322583e-18	0.0571686312205263	1.40420598318556e-17	0.0172435827211318	0
Plasma_cells	0.00737654455636319	0.00379642383997086	0.00286910537926572	0.00655604280317425	0.0207070528492075	0.00654577713683234	0.0033508539685626	0.00475273281746444	0.00122449109332843	3.48177873537571e-05	0	0.0115575600998343	0	0	0.0111962458238779	9.47414467394227e-19	0.000910977154815661	0.00460137637221673	0	0.00691420630874555	0.0061328329690905
Platelets	0	0	2.73384656051004e-18	7.65667119051868e-19	0	0	0	0	1.37408975384322e-18	6.18216512869452e-18	2.43150342038388e-18	0	1.58120620750838e-20	0.00676065971424384	0.0431126599122796	8.65293883611177e-19	3.99990752788839e-19	1.29115844171669e-18	0	0	1.36813926901897e-18
Preadipocytes	0.0251644267558419	0.00831384194677109	1.16999534076876e-17	9.02167801194323e-05	0	0	2.30594126641085e-18	0.000221662454947834	0	0.0256453096382324	0.0425121588207794	2.66588198535841e-18	0.0301481126100481	0.00756263352093666	0.0697399434556081	0	0	6.97502575522341e-20	9.74521155875518e-19	0	0.0991175046668406
pro_B_cells	0.0161490989342882	0.0273078564077819	0.0583764480761904	0.0262059900124692	0.0266883463264917	0.0558631756183105	0.019493056919876	0.0342270207055326	0.015586505346831	0.0284208363989948	0.0117083758700855	0.02046022324497	0	0.00957377357091664	0	0.046277361145576	0.0390913095294626	0.0469859040836416	0.0148364014369413	0.00144896781435571	0.0247895388668513
Sebocytes	0	0	0	0	6.08732348157602e-20	0	0.000531920118470897	0.0027955958527229	0.000892457878464495	0.000599112533961846	4.42544074604999e-19	0	0	0	0	0	0	0.000469883261665844	4.21468644948197e-19	5.45329754715352e-20	4.40890686256255e-20
Skeletal_muscle	0	0.0140960748850958	0.0168736958576872	0.00151979321140063	0.0140574261075153	0.0189533569176808	0.0320784591407506	0.0323565518409233	0.0247984432880257	0.0259707034188469	0	0.0115016430948321	0.00459580231400566	1.92448925962413e-18	1.49832185010255e-17	0.0282564272281394	0.045689439915828	0.0367170870059618	0.0108624472096633	0.0195366764231404	0.0160075572234129
Smooth_muscle	0.251506116203102	0.105979766871194	1.72811364272839e-17	0.244512751285858	0.142778994998038	0	0	0	0.0116526871777921	0.0737211229427242	0.290158399160805	0.13256577901904	0.344782142406774	0.392054444120576	0.489156454913788	2.21533469702052e-17	0.0189580014757433	0.0470643060370157	0.273048529073244	0.226697669819988	0.0834515795912243
Tgd_cells	0	4.94347359237885e-18	3.84269400785531e-18	6.85324162315379e-19	6.26107474911586e-18	4.01514169759331e-18	0	5.61793731136675e-18	0	4.67855692188587e-19	0	0	2.63723779760573e-18	1.1038794806233e-18	1.05323963267364e-18	6.36045479600041e-18	0	0	5.96460589121666e-19	1.09133738351959e-17	1.0117608041721e-18
Th1_cells	0.000561719528384914	6.18739284078043e-21	0	7.50573796097461e-21	0	0	0	0	0.0106641765859342	0.00288983339299873	9.650399266644e-19	0.00432776351234107	0	5.41225533287332e-18	1.0347399550165e-17	0	0.0133860647944841	0.00493707705408004	0	0.0442667211905338	5.80693863239628e-19
Th2_cells	0.000467735709534937	0.0422053794470385	0	6.03700643668727e-19	0.0383403695399036	2.28729696838548e-18	6.7436618549957e-19	0	0	0.0281237949036258	0.0428609403290612	0.0139090406852192	0.0117346371988253	0.0898463506948063	0.0784539244545559	1.46118722107261e-18	0	0	0	0	0.0237853088803443
Tregs	1.97085379520549e-18	0	2.22258650015294e-18	0.0224182940782803	1.0042186417065e-19	1.03286895585169e-18	0	0	0	0	0	0	0.0319476926241851	0.040974846033497	0.066166066076584	0	0	7.69553577932267e-19	0.0243234538756048	0	0.0201572352701128
