Mixture	GC1	GC2	GC3	GC4	GC5	GC6	GC7	GC8	GC9
aDC	0	0.0366539051814871	0.124228548063951	0.0272949505842679	0.0628095616436028	0.0298059789807693	0.0588555829158824	0.0423435631904548	0.0502207971747242
Adipocytes	3.53409143704614e-20	5.55008104025143e-19	3.04833737909085e-20	0	0	1.79119480670731e-19	0	1.29542269986129e-21	5.21286123819819e-19
Astrocytes	6.30185481458739e-18	2.0626413637446e-19	0	0	0	0	4.45011374004851e-18	0	0
B_cells	7.00054086449725e-19	0.0410173782108707	0.0397229449231746	0.0208343688162692	3.84536893561218e-18	4.16564640472217e-18	2.52622504342984e-18	0	0
Basophils	0.0230057222941126	8.51494168154835e-20	0.0789514731774861	0.0446549349165932	0	0	0.133577847017569	0	0
CD4_memory_T_cells	0.00572377710286363	0	1.5828467383458e-21	0	2.26597757614616e-17	0	0	0	0
CD4_naive_T_cells	0.00352337327344647	4.08745857123785e-19	1.43503116022051e-20	0	0	1.64243036251999e-17	7.22335937662587e-18	3.16058689214114e-18	5.61937309931168e-18
CD4_T_cells	1.88645505900022e-18	0.0107853533580744	0.00150609297531674	0.00112184500065457	1.93177122834876e-18	0	3.54370223120843e-18	0	0
CD4_Tcm	0.0116948882406179	0.002396249561092	1.22228874368616e-17	0	0	1.65993005733723e-17	6.37148341842538e-19	0	0
CD4_Tem	0.140585594402604	0.14954101448219	0.0540481775025844	0.147910108156472	0	0	0.0196463439749691	0.0379383447664141	0.0501860297392168
CD8_naive_T_cells	0.0712003156368407	0.0120371448263781	0.00146641897117634	0.030899184602474	3.97175711107462e-19	0	0.00130641001331392	0.0406693249385147	0.00322864125613126
CD8_T_cells	0.151509683027675	0.0201861596916793	0.0408598209491035	0.154825258874389	7.28559953923823e-18	1.51565815046815e-17	0.0365323425340365	0.0266524761153837	0.0852142146963824
CD8_Tcm	0.10554282806801	0.0486502826054203	0.105005031782461	0.181684386567858	1.51336384354741e-18	0	0.129926826408063	0.0303017033743719	0.0455006980299725
CD8_Tem	0	4.82740011305532e-18	5.33027675957923e-19	0.0366531113011728	0	2.15130626374806e-17	0	6.50521093209822e-18	0
cDC	1.16678596012296e-17	0.0139938157198066	0.118446724085283	0.0151628640483493	0.0180183650158444	1.41677133976431e-19	0.0468258680074534	0.0543218879747668	0
Chondrocytes	1.12805644655659e-18	0	0	3.28295282507782e-18	3.27125934219069e-19	0	7.59379433634019e-18	0	1.51234254250407e-18
Class_switched_memory_B_cells	1.03303859746654e-18	0.0206129891535415	0.00756373868679552	0	4.5142155087121e-19	0.00151763809491959	2.69313296898526e-19	3.42696335572273e-18	0.00439855499750001
CLP	0.000257928517690063	0.0148498300320196	0.013029122327169	0.0178025544086622	0	0.00323817506464374	0	0	9.81956714191491e-19
CMP	0	0.0385622765412715	3.52840024480008e-19	0.00715471930997356	9.08573217539117e-20	0.0272546761701909	0.030993357331842	0.0117086625065054	0
DC	0	0.00140388722841136	0.0017492768275646	0	4.87913220612302e-19	1.04728594223785e-19	6.28542704073044e-19	0	3.4649082309268e-18
Endothelial_cells	0.0041598141738377	0.0220104126066906	0.00429580901232426	9.47208123177157e-19	0.0304246887795804	2.17441968489372e-18	1.18181426345148e-18	4.70911342452865e-18	0
Eosinophils	0	0	0.00947341172272991	0.00796911943403705	0	0.0231434704703836	0	0	0
Epithelial_cells	0	0	1.46939574820302e-19	0	0.0133845282548908	0.0128977475368421	0	0.0140947499898329	0.00469862189152473
Erythrocytes	0	0	0	0.00136035779083014	7.2218329010547e-19	1.3615772833247e-20	0	1.22927226841178e-20	3.91395266181324e-18
Fibroblasts	0.0502867917702089	0	0.0566022844143047	1.0198907595685e-18	0.0300844288520991	0.0468699735470934	0.0126379503626198	0.0945838330172864	0.0594148190360606
GMP	0	1.0518268667731e-18	0	0.00141975741684404	1.11540908717795e-17	0	1.43739823899861e-18	0	1.60219553150256e-17
Hepatocytes	0.000631286390832189	4.24355202222888e-20	0.000457811201520755	2.03163771767254e-19	1.12017055025875e-19	1.07830746267715e-18	0.000936397122417084	0	1.00432670817345e-18
HSC	0.055396644867191	0.110552713068556	8.09842785461392e-19	0.00642728127821023	0.205172641374708	0.26408865564387	0.115953494975127	0.0870678874298155	0.0513253080764956
iDC	0.00499549258274952	0.0139416131751342	1.71893018129735e-18	2.59008182576144e-18	0	0.035344713729073	0	0.0328822441042849	0
Keratinocytes	1.05456301747111e-19	1.68354613477426e-19	0	3.92549346331285e-19	0	1.02710555140592e-19	0	0	0
ly_Endothelial_cells	0.00367384643160794	0.00520627247668111	0.00818091259351809	0	0.0179181795619723	4.24030363818375e-19	0	1.36791593739381e-19	0
Macrophages	2.11145942097023e-18	3.99394221844923e-20	0	0	0.00479982958603025	0	3.16733230331783e-18	0	0
Macrophages_M1	1.0364548504328e-18	0.0133088599533241	0.012797505646164	0.00661812609622032	0.0144605287833794	0	0.00172661009652547	0	3.67880801621779e-18
Macrophages_M2	0	0	0.00273391914011667	0	0.000704343855907548	8.33034137804186e-20	1.43788917080237e-18	1.92420501032959e-19	0
Mast_cells	2.95692646489929e-20	1.34784962054928e-18	0	4.45565744383224e-19	4.53067157326408e-18	3.22740039860887e-18	0.000185984865073257	0	0
Megakaryocytes	6.90116555716773e-19	4.39944976053334e-19	0	1.68876452839181e-19	0.0599989097209028	0.034248182879836	0.000364951899746331	0.0555683718416797	0.0327382096738566
Melanocytes	0	2.81634033745224e-20	0.00217521580485617	0.0010365110078934	0	0	0.000550366432672132	0	4.36507615446525e-18
Memory_B_cells	0	0.0120433639860884	0.00911114760977424	0.000650384570431176	0	3.02316168873181e-17	5.23495987743869e-18	1.51617345949613e-17	0
MEP	0.0089061400010406	0	0.0394230781878054	0.00217598368194007	2.60521207133498e-18	0.0200721934889116	0.0318795225657209	0.0252064687823129	0.00819389740166389
Mesangial_cells	3.11924918020278e-19	0.00568271010012123	0.00115833353633892	2.89569372169542e-18	0	1.26486107886064e-18	0	0.00366829813961014	0
Monocytes	0	0.0171575114620366	4.2940570155612e-19	0	2.4123950422026e-17	0	0	0	1.60804289881042e-17
MPP	1.95518399515466e-17	0	0	0	5.48124038840385e-18	0	0	0	5.25596461704986e-18
MSC	4.05937091636453e-18	1.88644402394067e-18	0.0206747511533981	0.136824357650647	0.0129257196877054	0.0518625332726102	0.123513317919428	0.0141469333338615	2.7546920366398e-18
mv_Endothelial_cells	1.23393786242787e-19	0.00704538159190355	0.00309525998549139	3.13546236728605e-19	0.0104787040280016	0	0	0	1.7059652631002e-19
Myocytes	0.00547123904121502	2.31626408062304e-19	0	0.00197280634568896	0	3.22222400813867e-19	0	4.46903046256195e-19	0.0018518267689743
naive_B_cells	0	0.0535956810581954	0.0271333149370911	0.0104281963552558	0	0	0	0	0
Neurons	1.00695467888466e-18	0	0	9.45316852478223e-21	1.18868145872102e-18	2.97180655880136e-19	0	0	0
Neutrophils	0	0	0.0143866350678617	0	1.53144845085232e-18	0	0	0	0
NK_cells	0	9.23687236071501e-19	3.39727061405315e-18	0	0	9.37414406257782e-18	2.76370834294785e-18	0	1.35972947172719e-17
NKT	0.0305101629130296	0.0393186260844373	0.0136067750857852	3.75986543683337e-05	0.00954794148360723	0.063563167720244	3.52837039701323e-21	0	5.28483678754669e-18
Osteoblast	0	0.0456059118656994	0.0290837356775952	0.0647776463500264	0	0	1.87209312637855e-17	0.014320534955835	0.00828030105130431
pDC	0	0.0202418733615366	0.00750988110392301	0	0	0	0	0	0.0047670712521023
Pericytes	0.0672798204188407	0.0389921526000154	0.0363928956384602	6.39702269664644e-18	6.92500852329325e-18	0.0933106453849219	0	2.06138697642687e-18	0.0155648246735963
Plasma_cells	1.18004067527059e-18	0.0271517435866229	7.08393642125006e-19	0.0111200622070358	3.37942063967059e-18	0.00886720186701404	0.00138955393894018	0	0.00708005725472064
Platelets	0.205598650845517	0.0827562609920862	0	0	0.396889514680578	0.22109744307072	0.159718307210518	0.386658903069494	0.453229691696676
Preadipocytes	0	0.00380144775732619	0	0	0.0735203574366415	1.03479954312921e-18	0.00160858947616588	0	0.0633332699153179
pro_B_cells	0	0.00608578861242034	0.0407358576293421	0.0178042336029172	0	3.95317047371217e-17	0	0	0.0149405087956026
Sebocytes	6.92539850813648e-19	2.64702750854628e-20	0	0	0	9.36539297041552e-19	2.92781730504473e-20	0	1.04295386622616e-18
Skeletal_muscle	3.34366751829096e-18	0	0	2.30920878035509e-18	0	4.38851848704332e-19	0	2.08777815392522e-18	0
Smooth_muscle	0.0125784045338799	0.0437382229039597	0.0588367125844874	0	0.0388617572545491	0.0306918000188303	0	0.00942294902069148	0.0323509346681572
Tgd_cells	0	0.00611784268204644	0.0145444901091207	0.0191003943164719	0	1.39966178105561e-17	0	3.25945022757914e-19	0
Th1_cells	0.0374675954661896	0.0149553234828761	0.001012891885925	0.0242788966540455	0	0.00228846110284502	0.0918703749319155	0.0174230414369304	6.14230141194739e-19
Th2_cells	0	0	0	2.09485752994291e-18	0	0.0298373419562808	0	0.0010198220119546	0.00348172195001929
Tregs	0	0	0	4.85408851524899e-18	2.80924759494273e-19	0	5.90109054884578e-18	0	0
