Mixture	HD1_AD	HD2_AD	HD3_AD	HD4_AD	HD5_AD	HD6_AD	GBM_A1	GBM_A2	GBM_A4	GBM_A5	GBM_A6	GBM_A7	GBM_A8
aDC	0	6.31741830451279e-18	0	2.38136704882252e-18	0	0	0	0	0	8.32010452266295e-18	0	0	0
Adipocytes	6.58658524272315e-19	1.39338753461806e-19	0	0	0	2.08064381784058e-18	2.83842224675478e-19	1.55042725792229e-20	0	2.69183608040284e-19	6.26832477953961e-19	0	0
Astrocytes	1.70120850032956e-19	0.00429450568646246	0.0313107752711857	1.0009042685634e-17	1.14118676480999e-19	0	0	0	0.0187343349243648	0.0240094262352562	0.0414897341231314	0.0201873507264379	0.0263174551532337
B_cells	0.196469805340958	8.13464836579862e-18	2.35279533323302e-19	0.14506367166231	0	0	1.39368115952181e-20	0.0919165740384768	0	0	2.62227147218323e-18	0	1.04295995806178e-18
Basophils	9.26087903333448e-18	0	0.00806432571079905	8.34340409339607e-18	0.0566011518952584	0	0.0239317276188125	0.0339468115408816	0.0675028091447926	0.0440338179650761	0.0677083050489169	0.0908508316746146	0.00518924687886308
CD4_memory_T_cells	0	2.87787588718597e-20	2.3684206338219e-19	4.87360952612655e-22	0	2.83178859920458e-18	0	0.00888504164448967	0	1.66791895939652e-19	1.92266406214642e-19	1.13222985115697e-18	2.54372988813814e-19
CD4_naive_T_cells	0.00384616430625571	4.58321348419766e-19	0	0	0	0	9.33917579849057e-18	9.19015125371588e-19	0	0	0	0	0
CD4_T_cells	0	3.01632157337956e-18	7.69699462950962e-19	9.20742659694464e-18	4.33869766182115e-05	0	1.15205476760463e-17	6.21667323311529e-18	0	1.10082395870306e-18	1.08396461042126e-18	0	0
CD4_Tcm	0	0.00648835775133591	0.026458428335786	0.00339198573789432	0.0214863785230714	2.7905726715815e-17	0	0.0079536060838514	0.00278724176002961	0	0.0072252780587301	0.00615246540509557	0.00833931985524162
CD4_Tem	0	0	5.51579419601656e-18	1.15911029319559e-18	0	1.42909601936257e-17	1.81758432080212e-18	3.69310615766747e-18	0	5.0794064323973e-18	0	1.07864928026914e-18	4.90337320996026e-19
CD8_naive_T_cells	0.0290027863703267	0.000146243991955372	0.00232383197264747	0.0015954623815257	0.00460416392882949	0	0	0.000560585110324812	0	0	0	1.52261555772011e-18	0
CD8_T_cells	9.54133643437387e-19	6.39103965791635e-18	0	0	0.0402994680126269	0	0	7.94142818937099e-19	5.67716136324783e-20	0	5.24665179867956e-18	1.3976447060109e-17	0
CD8_Tcm	2.09395341712886e-18	0.00127179111994141	0.000765361334009215	2.19392459224761e-18	0.0140290831991243	3.90311237190395e-17	0	0.00799130788974335	0	0	1.49120420326385e-18	1.06274308397385e-18	9.87644137705373e-20
CD8_Tem	1.63026803062419e-17	0.00116285096460434	0.00602042958207808	8.0402507959809e-19	0	0	0	0.00875987259820952	5.76634438127766e-19	9.82625865202075e-18	0	0	3.19552758397629e-18
cDC	0.0222865782791983	0.0975625862652477	0.134767379641043	0.0301203957445649	0.0695436235195832	0	0.0628969857368202	0.0428315165327429	0.156711043567299	0.0865811722381338	0.131583297659109	0.106322680988522	0.0840511709585606
Chondrocytes	1.74841060967427e-19	0	7.1532045680575e-19	3.90000871154424e-18	0.00955456125243532	1.28432650752257e-18	0	1.51083179835043e-18	0	0	0	0	0.000431545981893942
Class_switched_memory_B_cells	0.0413648278814372	0	0.0120626573527229	0.0452033384531123	5.01057041853276e-19	2.62191999285809e-18	0	0.0421439341974369	0.00426595306280401	1.67463541096373e-18	0	3.95081477412639e-19	0.00242575677237156
CLP	0.0815411658163243	0.0586279950272206	0.000131945321504428	0.0679981074715488	0	0.0699583398260236	0.0788755775193406	0.125647446879944	0.0104699928700852	0.0174423174771415	0.0127068641888986	1.0643480383607e-18	0.00813480263916252
CMP	0	2.6209027435085e-18	0	0	1.49665848239049e-18	0.0121303563870252	0	0	1.66364589935223e-18	1.39717453641424e-18	0.00154360218766128	0	2.32564208071528e-18
DC	1.42840278179365e-19	0.0261139696948027	0.0311300034223519	0.0075021212379846	0.0112767878751236	0	0.017350581912518	0.0137184075353316	0.0258993045097865	0.0229053117558789	0.0273411653660766	0.0327378501246076	0.024602170047089
Endothelial_cells	6.95238523742629e-20	0.0286957447984938	0.00928447510334975	0.00339472007647271	0.040375311455852	0.0309058960581056	0.00568668223458101	0.0038897050453544	0.0100615985636993	0.00726619904009974	0.0215770615613875	0.0169937232479144	0.00993889219031292
Eosinophils	7.28499970175754e-18	7.41360097633788e-19	0.00542676861610204	0	0	7.41268637196189e-18	6.92798543956646e-19	3.58309011714782e-19	0	0.000902722096594702	0.00514179886733182	0	0.00301579838321045
Epithelial_cells	0.00203893755465118	0.00247145356876647	0	0.000331287388056005	1.06139538170052e-21	1.38301096263376e-18	3.7279001412686e-20	1.80819750749776e-20	1.30857473896886e-20	1.57159598794852e-20	0.000484275163681023	9.52442767892883e-20	2.48690063354501e-23
Erythrocytes	0.00381566406498605	0.000473462349081181	0.00486552399230021	0.0158106056193227	2.38172890396145e-19	0	0.00933266065152507	0.0032809225500626	0.0012984538347746	0.00443178964013545	0.00729886646430938	4.79121574244948e-05	0.00168509493510899
Fibroblasts	9.3754201514511e-18	2.52331930472139e-18	0.00260479275667401	0	0.0879835316361573	0.0396378159064973	6.50956797234035e-19	0	0	0.00329808454663614	0.0163086106523601	0.000305015210116412	0.0134692136702272
GMP	3.1079333376873e-18	0	0	0	0	0	0	1.50815838500087e-17	0	0.0213680367100705	0	1.26961047128467e-17	3.45065587511254e-18
Hepatocytes	5.55290367770537e-18	9.41761128738437e-05	0.00351039748401813	1.59394315712812e-18	0.002385574511572	0	2.39565493872975e-19	1.42630147759624e-19	0.00236968449762132	0.0048677935635812	0.00323738318325606	0.00607246480646466	0.00304519715814018
HSC	0.0118326338065117	0.200422079051269	0.112790665997566	0.129008670105899	0.0293386387324446	0	0.0634370217877726	0.0569039068314166	0.102077838033447	0.129311332547015	0.0785642821600343	0.072226548825179	0.127255554029036
iDC	0.0415179423793878	0.282192341403037	0.341222136339983	0.163250632757464	0.203031472644133	0	0.268219371254838	0.197508779876138	0.353104205940191	0.281675746734959	0.315705183330188	0.353853213791206	0.320797802074551
Keratinocytes	0	0.000293456700300296	0.000491368662634245	0	8.86683740582395e-20	8.1341607845813e-19	2.4614780441042e-19	0	4.70178525556929e-19	0	2.88360021022382e-20	0	0.000158919041712519
ly_Endothelial_cells	0	0.0144298041075524	0.00441092867642401	7.56814936479357e-20	0.0200235619900202	0	0.000700480345239327	5.10788301577015e-05	0.00557006874511486	0.00151779850581783	0.00612572721949176	0.00604563987355412	0.00378046104498632
Macrophages	1.60750320009868e-18	8.55487880825983e-19	0	0	0	0	0	2.18338683382545e-18	5.36407152624496e-18	0	0	0	0
Macrophages_M1	0	0.000712338791535033	0.000503383683151041	7.28250182428294e-19	1.41460230052032e-20	2.22319374151358e-18	0	0	0.00131654298319	0.00206781360546739	0.00169727521296525	0.00263424669727197	0.00206428468425591
Macrophages_M2	0	1.69331321693432e-20	1.25195743487341e-18	0.00949391951673421	0.0114376631021896	0	0	2.26863012062886e-19	0	0	2.34903594054214e-19	8.79344788302188e-20	0
Mast_cells	0.00987769795018971	0	0	3.75311936029267e-18	0.000714141661693017	0.0261599655933893	0.00115581339944275	2.03349885171487e-19	0.00203991290525734	0.000301166527283801	0.000578827694624192	2.82150150200818e-05	0
Megakaryocytes	0	0.00577935648139715	0.000892404458531498	0.000923284379569018	5.07612614684595e-20	0.0493119357238085	0.0159761347503872	0.000556060092852452	0.00386008743676085	0.0249570443948709	1.2841933806422e-19	0.000214134789370213	0.000248920677554502
Melanocytes	1.18719288481732e-20	0.00048487688475036	0.00165637741880929	1.02498507980816e-19	0.00112624805512813	0.00152468678559606	3.86741179797678e-20	9.69406985601486e-05	0.00367157574142397	0.00234927352472723	0.00147116084626428	0.00520646168445406	0.00296249895700058
Memory_B_cells	0.0414630228212251	0	0	0.062679689993998	0	0	0	0.0471685939105353	0	0	0.00668741888066617	5.00926312551124e-18	4.73272794173853e-18
MEP	0.0371578926175157	0.0394126383306551	0.0644868541844647	0.0357185246304316	0.0318322662999054	0	0.0466305522579688	0.0407286578075013	0.0243155609769308	0.0286581472195076	0.0379591837323947	0.0443843491899188	0.0472712371731787
Mesangial_cells	2.27489350861797e-20	9.49584944341695e-20	0.00192259210666788	0	0	0	0.00162547436873231	3.33446731791447e-19	9.72154924732415e-20	2.78497221855312e-19	0	0	0
Monocytes	0.0424175780637241	0	0	0	3.19416004736222e-18	0.145730226926574	0	2.47065807709344e-18	9.33505294731753e-19	0	4.75029615173101e-18	1.38100416939311e-17	0
MPP	0	1.57638409219582e-19	0	1.96691680516097e-17	2.14167839699114e-18	0	0	1.29891456781163e-18	0	3.62709733505396e-18	0	0	0
MSC	0.00335854425285416	0.088860020469902	0.0306709003018779	3.03523060334108e-18	0.0329728429651812	0	0.025984143189727	0.0684584380573198	0.0533519314864902	0.0637082627836855	0.0494580153776126	0.108300276110669	0
mv_Endothelial_cells	8.16783807106145e-19	0.0101640728989151	0.000255276657350615	0.00224320443511701	0.00374284016879648	0.0186583837925342	0	3.72821273787023e-19	0.00358018272980768	0	0.00358253789529775	4.62429209345362e-19	8.91020522237516e-21
Myocytes	9.13368441817059e-19	0	0.00217111756844194	0.00570135401648054	0	0	0.00155852810198434	3.28472119871211e-19	0.000501863101586773	0	0.00913887417301905	0.000395345676888779	0.00447369243336624
naive_B_cells	0.0118218237411721	0	0	0	0	0	0	0.00399996446253641	0	1.90361824468399e-18	1.84547390301718e-19	2.59293865359569e-18	2.04581436765213e-18
Neurons	0	0.00550027841730721	0.00417147641258628	0.000342872774822699	0.0111011006705504	0	0	0.000427312600428961	0.00214403263016111	0.00195377674442126	0.00254243744105263	0.00513133091348366	0.00234028712534965
Neutrophils	0.00527246779942072	1.73979912285332e-18	0	0	1.95896682083187e-19	0.0369279679646696	2.45740236578624e-19	1.15125169305182e-18	0.00551495301459845	0.0021803103530197	0	0	0
NK_cells	0	0	1.30812242624371e-17	1.08157258745239e-18	0	9.28739337755448e-18	0	0	0	6.89879269045369e-19	1.35575872481666e-17	0	7.87143127454805e-18
NKT	0.03190967683916	0.00633617455039353	0.0148649040805257	4.40516815132151e-19	3.76692915821944e-18	0.118824361703925	1.92936903185666e-19	0.00116015444060453	0.00789299535453185	0.0214269914765019	0	0.0114472364087105	0.0425338847510162
Osteoblast	0.0519398762836043	0	0.0192339180723012	0.000964611301355141	0.0659504456126669	0.0490517841043864	0.0337749869016094	9.54172283104227e-18	0.00521242488939208	0.0192440287562535	0.00533468665924913	8.39509697593398e-18	0
pDC	0	1.2734231914062e-19	1.83891408094442e-19	9.58039554174809e-19	0	0	0	3.12100730822842e-20	0.0018124051285743	0.00336823590437134	0.0213647459328822	0	0.0167921902616666
Pericytes	0	0	0.00905794047316606	0	0.051928043443381	0.00133165751821152	8.88936642356685e-19	4.43215427847545e-18	0.0078533610022766	0.0127660836058126	0.0109224709196189	0.000794353683635363	0.0306153335546558
Plasma_cells	0.0573693783053847	0	0	0.0699903152275249	0.0119203754843857	0.0228751424722832	0.00902254268577145	0.00792307465414632	0.00838553957368085	0.0209001904888835	0.0110691957613867	0.0027395351418843	2.48287672208459e-20
Platelets	0	0.00610414200123318	0.00216213109177228	0	3.56547393109409e-19	0.187706333210777	0.142313299033789	0.00194549788938067	0.0287135389301963	0.0970172692144686	3.71522354032871e-18	0	0.0497168160217983
Preadipocytes	0.00564644831558509	0.0182648170394725	0.0458521019792872	0.00989213841327131	0.00145332862787278	2.70594374613226e-17	0	4.44438265779792e-18	0.000969493301870634	0.0124754308233284	0.0278347550023461	7.76625156991058e-19	0.0863611909002618
pro_B_cells	0.0282049894057595	0.0055357771603473	0.0299406595020583	0.0328032795812025	0.0216231246922379	4.80941113748015e-18	0.019382538429604	0.0492905836593459	0.0509755782890266	0.0268905458357563	0.0151850322891127	0.0333560909365585	0.0105671773308159
Sebocytes	1.23386724471341e-20	0	0.000191357987096675	0	0	3.34774835255447e-19	0	0	0	0	1.3623840475957e-21	0	1.46138401530621e-20
Skeletal_muscle	0	0.0119216071299773	0.0084588764592662	4.15834580277205e-20	0.00921339747764542	0	0	5.79765869727593e-20	0.0064612079718694	0.0060599724029563	0.0107135616738788	0.016546193538033	0.00916854813461527
Smooth_muscle	0.166111184960295	0.0712892460254303	0	0.134475782497571	0.0290479745071631	0.115676214914999	0.12859133939762	0.125071204917652	0.0132836579076574	0	0.0342138461567621	0.0415749534827439	0.0370495533609718
Tgd_cells	1.88660608619184e-17	2.92310750574534e-18	0	0	6.71609718770647e-18	1.8172317498632e-18	0	4.70151735693358e-19	5.77853167792317e-19	1.2776345838467e-17	3.00665890627313e-18	1.73411178280542e-19	1.07895399443716e-18
Th1_cells	0.0698370219103252	0	0.0164090241580043	0.022100024595766	0.00761381911239347	0.073588931111195	0.0435535584219172	0.00718401962457548	0	0	3.12883343087955e-20	2.37692743660624e-20	0
Th2_cells	0.00389589093374769	0.00489383522573975	0.00858823782971305	9.0924887695546e-18	0.0506969278284997	0	1.81749922195733e-18	9.60260468624666e-20	0.00729062519070708	0.00406390728228808	0.00620453911630238	0.0137842948855609	0.0151959838197915
Tregs	0	2.80035174738874e-20	0.000868270001748149	0	0.04704876413746	1.60479989261643e-17	0	3.11739277153127e-18	0	0	0	0.00166728501465927	0
