Mixture	CRC01	CRC02	CRC03	CRC04	CRC05	CRC06	CRC07	CRC08	CRC09	CRC10	CRC11	CRC12	CRC13	CRC14	CRC15	CRC16	CRC17	CRC18	CRC19	CRC20	CRC21	CRC22	CRC23	CRC24	CRC25	CRC26	CRC27	CRC28	CRC29	CRC30	CRC31	CRC32	CRC33	CRC34	CRC35
aDC	0.0267086878029314	0.0269545511479608	0	2.29215384172297e-19	0	0	0	0.0138432398907882	0.0376897075843478	0	0	0.082345058213719	0.0585825978605458	3.60133285719394e-18	0.110552968722885	0.0107237997676307	0.0158355102021106	0.00570840556404464	0	0.0962585752266546	1.04057924281995e-20	0.0157243067620034	0.00759896308958148	1.70344649038684e-18	0.00732696132475916	0.0174843065404464	0.00225007198321859	0.0752929716629169	0.0398580822412834	0.0392644692856709	1.14645072057329e-19	0	0.00328598707372576	1.17943757748853e-17	0.0184016240177446
Adipocytes	1.69384381193451e-20	0	0	3.78665892592001e-19	4.47821333362604e-19	2.10626410985322e-19	1.05773050239178e-18	1.33469535264704e-19	2.7653570717734e-19	0.000164553713794673	4.25792091772016e-19	0	5.22347867399271e-20	1.66506640239289e-21	0	3.86281462635237e-20	0	0	0	0.0020295874385362	0	1.92301331645745e-19	0	0	5.83202538105776e-20	2.67526577102128e-20	1.84170976915849e-19	0	7.64472220604704e-19	5.65019413773427e-20	5.29009477980816e-19	0	1.95929838693349e-19	3.46834991159488e-20	0.021766727278623
Astrocytes	0	0	2.08043556428817e-17	4.84220029952191e-18	0	0	1.39423475262159e-17	0	2.46619103385653e-17	0	0	1.18346409370247e-17	2.35174366637481e-18	1.56707539202968e-17	1.76387208385322e-17	0	0	0	0	1.21254932111943e-17	0	1.0899912676453e-17	0	0	1.1489215057559e-18	1.12856340126211e-17	2.90868163111068e-18	0	0	5.5409369937278e-18	0	1.14218010816157e-17	0	0	2.59335348181261e-19
B_cells	0.013254412567467	0	0.0363966900477299	5.40847092365894e-18	0.0671549430180651	0.0499679321098781	0.167517477771519	0.097859568788018	0.0147496588335168	0	0.00033866545808538	0.0234603593084638	0.0397861384516555	0.0430146513800788	0.0491304035081296	0	0.0276578272266178	0	0.00978405817278103	0.138531060059661	0.0833088439603545	0.0187421861867833	0.166700275410575	0.0651373966011797	0	0.093974522098252	0.134026204474361	0.116178766844616	0	0.00885258234370878	0.051056006412832	0.0588990168157424	0	0.00935008199008372	0.0206658273260711
Basophils	0.0651626860780527	0.111406940584369	0	5.52653699450161e-18	0	0.0133001557949284	0.0380550605777716	0.101985111204229	0.176815697465673	1.33795838585705e-17	0.0331482173394813	0.201872179712337	0.0859240289306877	0.125616980839845	0.0840850803434242	0.0789404421079396	0.027534258606665	1.78529354116121e-19	0.149357913213552	0.189172421971477	6.65448512863681e-18	0.0595376444352338	0.077056573656614	0.0612730502363924	0.0194741051131246	0.0155250273460827	0.0329229229508083	0.137810622664467	0.0810135903121984	4.82647108213772e-18	9.33711470656742e-18	2.99743036091473e-17	0.0669501193190553	0.0247926382580589	0.172202966842629
CD4_memory_T_cells	0.0119949169783854	0.0238957071748432	0	0.0041431228508559	1.29939027231623e-18	0	0	0	4.02830993296704e-19	1.10360371871418e-18	0	2.61203728324476e-19	0	0.0129616721968867	0	0	0.00145525315744196	0	0.0144361126375291	0	5.84229683472971e-19	1.9188576516725e-18	2.95124282343999e-19	0	0	0	0.0286248413097134	0	7.6365271842916e-19	8.24359905391153e-19	0	0.00154671731112215	0	0	1.2607571481752e-19
CD4_naive_T_cells	3.48867514362833e-18	0	0	0	0	0	0	0.00721002915258686	9.18820017246445e-18	2.06533250144518e-18	7.90077815627043e-19	7.09318844784486e-18	0	0	4.47040805729715e-18	0	0	3.18580065157888e-18	7.77351819832083e-19	4.36297624093099e-18	0	0	2.15443598059082e-18	0	0	0	0	0	4.08930472189468e-18	1.65480028465374e-18	0	1.54156752486908e-18	3.58120983641722e-19	0	0
CD4_T_cells	0	1.11101911111062e-17	1.27927236576446e-17	5.50167725791296e-18	1.22103305815666e-17	0	1.52579476572116e-17	0	0	0	4.56446461079373e-18	0	0	0	0	0	1.11180744050768e-18	0	0	0	0	0	0	1.12668698011836e-18	0	9.42559784641624e-19	0	3.7017754601807e-18	5.26277602955644e-18	3.06863705994932e-18	1.18710085438318e-18	0	5.87286864611725e-18	0	7.57751464741803e-18
CD4_Tcm	0	2.37344844770446e-19	2.57185973440438e-17	1.78785692374251e-19	0	1.32283158740126e-17	0	5.64946259872516e-18	3.04254415015912e-18	0	6.91175855293518e-19	9.11181584447093e-19	0	0.00169914181115645	1.31131260451082e-18	2.58007322013385e-18	1.10165537341662e-18	1.32872321754611e-17	0.0184400736856394	2.25615654021036e-18	0	0.0214843437904717	8.76633742311331e-19	1.32835842507008e-18	7.48265162400085e-18	4.4723930624419e-18	0.0117149722983342	2.62501862340215e-18	0.0167558099857869	0	9.10699527680487e-18	0	7.30064104653602e-18	4.54078913692141e-18	0
CD4_Tem	0.0388214564505606	0.0421078007787189	0.00570352599714994	0.0404076184549123	0	1.62375554472101e-18	0.00178669579229925	0.0256901480718752	9.75459777414914e-18	0.0217042000823828	0.0666128840342221	0.0451153137102323	7.96509612774171e-18	0.0454856057497291	0	0.00802959038690015	0.00426982153966357	0.0254858243555704	0.145404549626113	0	0.0301513352812875	0.00632483859781453	0	0	1.4498486566896e-19	0.0599216872026239	0	0	0.00437213813510457	0	2.11530387541823e-17	0	0.0186933809452518	0.0279960568343761	4.78495074005727e-18
CD8_naive_T_cells	0	0	1.72685060331268e-17	1.70042390488384e-17	0	3.28004400258643e-18	1.09062558865572e-17	2.83693435185868e-19	0	0	2.04818289981524e-18	0	0.00584290133172744	0.0107598879711023	0.0060393256907699	3.83691022427875e-18	0.00492459524034549	6.71022737040539e-18	0.00674870556836602	0	0	0	0.0100444294332876	8.47584268376759e-19	0	1.44789298811206e-19	0.0144648939402809	0	2.07585671209515e-23	1.0742242972403e-17	1.43075909503218e-17	0	8.9375503009988e-20	5.45763510432926e-18	0
CD8_T_cells	0	5.62449772860559e-18	2.83798552631336e-17	0	9.02813246194109e-18	0	0	0	0	0	0	2.57435175676723e-18	1.80637765787335e-17	0.0123307806563644	1.39922934636875e-18	0	0.027857381276775	0	0.0127914500299104	8.47551715219952e-18	5.37043199806334e-18	0	2.10088501369517e-19	0	1.1165449870215e-17	7.43149497761281e-18	0.0152925745046097	1.46216985861878e-17	0	7.66952774746061e-19	9.53688167603674e-19	3.17312165642054e-18	3.79376088184601e-18	1.61944234341893e-18	5.63275430662825e-18
CD8_Tcm	0	0	1.00833477548088e-17	0	0	9.86435489513035e-18	1.19635037890259e-17	8.79853507529882e-18	9.39463331283941e-19	0	0	9.47776367239062e-20	4.31505914862572e-20	0.0203263153071566	0	2.15054197660248e-17	0.00146345855520521	0	0.00955114589152601	6.4652900651203e-19	0	3.49890251324049e-18	0.0114988883058121	1.44546315538924e-18	2.2938654715379e-18	4.42158031665779e-19	0	0	0	0	0	9.73689564246111e-18	2.09786146795095e-18	2.83783217638918e-18	1.39213569291069e-17
CD8_Tem	0	7.03220756927152e-18	0	0	0	1.35196444591686e-17	0	2.88713507797026e-19	8.41537283245467e-19	0	0	0	0	9.507331777147e-19	1.38635298098952e-17	0	0.0237371942974399	0	5.56560478056995e-19	9.91789510869793e-18	1.05501126778404e-17	0	9.88679365573666e-18	5.71439644790179e-18	8.85358034960503e-18	0	0	2.64046416558752e-18	0	3.36061376010306e-20	0	0	5.36415413595123e-18	3.83613018140653e-19	0
cDC	0.0870391482746683	0.00999200755894535	0	3.14919400426782e-18	0	0.00178342915415135	0.00811980333509457	7.13862575574708e-19	0.068590338834179	0	2.57971149028243e-18	0.0026612139371862	0.038664338092564	0.000824845432792426	0.0324026606823113	0.0356096325184632	0.00187948935962826	0.0579039944229104	0.0280500643439696	0.00888654196712525	2.96576776380556e-18	0.0354703494485413	0.0608943875393143	0.0925881844500382	0	0.120138263063171	0.0416209932361634	0.118762246196106	0.0376902280918931	5.0296594044641e-19	1.05698480839349e-17	0.00121325530122698	7.52461274911735e-19	0	5.36017045115075e-18
Chondrocytes	7.86624270854489e-18	0	0	1.84610767271474e-17	2.56427283589639e-18	0	2.2384888742834e-17	0	2.5894508183586e-18	0	0	0	0	4.28557977848346e-19	0.014943861736278	0	1.41566551232108e-19	5.4281687491849e-18	2.71755463162756e-18	0	2.40791634976767e-18	6.73500127760849e-18	6.63901765512108e-19	4.26295186428695e-19	0	0	5.17191703203069e-18	0	1.32473889079105e-17	0	4.94586378570332e-18	9.13562136975561e-18	0	0.00233081200985023	0.029660574343689
Class_switched_memory_B_cells	3.24287855218087e-18	0	0.0209613547890307	0	0.00143870274711904	0.0024359240620582	0.0797103539050056	0.0326442832973718	0.0137992395823021	1.25183655357834e-18	5.22681870549137e-19	0.0103472529860709	0.045811590850556	0.000368034947232587	0	4.29581656959086e-17	0.00142875099297956	2.880505676015e-18	0.00760234182199434	0.0948976631173969	0.0313069305408479	0.00939578170056978	0.0352406305190737	0	1.85354601060741e-17	0.117038115972045	0.0716735057222059	0.00868315230568422	0.0259722582805783	7.90755748032885e-18	0.0461641621161056	0.0163143506448968	1.50790122070282e-17	0	0.0193598527543442
CLP	0.00406142925691301	0.00918039592688771	2.54917496274953e-19	8.96053918342227e-19	0	0.00689300062145747	0	0.0114026455410032	0.0307600333308773	0.00643434527542983	0.0180386287289781	0.0116347448937313	0.0127814663930377	0.018523210713853	0.0383248742554496	0.0128271781399852	0.0200660887838827	0.000670565165823945	1.20509802974189e-20	0.0294667622854492	0	0.0155666908365277	0.0823453023018128	0.06090146972931	0.00360488513788674	0.0127847130178173	0.0315341462331261	0.054747864891657	0.00768597982011595	1.7587253633903e-18	0.00766326698641017	0	0.00246803909598131	0.0169243267218432	0.0347849772612682
CMP	0	0.0211664845438792	0	5.50202844503337e-18	0.000920010949899679	1.34763288028442e-18	0	0.0132198110958057	5.10590440948274e-18	0	0	0	0	2.6736686449851e-19	0	0.0404072945920168	1.50801185388078e-18	0.00473318578133661	0	3.03540635987564e-20	4.37476520660456e-20	0	3.60306911379982e-19	8.23389948512652e-18	0.0372353310379331	1.29156445599761e-19	8.80290970052286e-19	0	0.00356016400759058	0	1.47916022007358e-19	0	0	7.18073985776293e-19	0.0253211631063563
DC	0.0162331129441722	2.15855575446866e-20	2.01240874308431e-18	2.47678628954467e-18	5.69426158051232e-18	0	3.48412048656021e-19	1.55642926488458e-18	1.96457198005414e-19	0	7.90201653311958e-19	0.00233324919099038	0	0	0.00149043656464194	0	0	0	0	3.37387363107446e-19	8.05514476635843e-19	0	0.00209193592188223	0	2.06266664979179e-19	1.11819897672636e-20	0	0	7.40737609990872e-19	1.7804275382197e-18	3.40286555521529e-18	0	0	0	7.69467056724887e-19
Endothelial_cells	0	0	0	0	2.33956597319077e-18	0	2.85260823143185e-18	1.61583863279575e-18	0.010515599243738	0.00527396988169616	1.69549213794648e-18	0.00226697056470707	0.0215953070622642	1.21729473844415e-18	0.0159796248311474	0.0166339169866867	0.0131914746716272	1.49561610144649e-18	8.60560634510153e-19	0.000621459871125053	0	0.0289730539262733	0.0213061580319431	0.0100394347988754	1.82564462746918e-18	0.0208934191005337	0.000375193617637472	0.0249033063207189	0.0415942909067141	0.010163731309543	7.34490426806768e-18	5.33832456415571e-18	0.0121850155692057	0.00764638492048974	0.0144194477047339
Eosinophils	0.00874966028965334	0.00662419159642326	5.12804385576271e-18	4.72022741471605e-18	5.00089737159857e-19	0	0	0	0.00566408475695244	2.93924585096599e-18	0	9.62363312858362e-19	0	0.00736872161320368	0	0	5.08607933081598e-19	0.0165248187337078	0	0	0	0.001188251317303	0.0124536586098361	0.0032538172950265	0.0060575368401009	0.0202698376844042	0.00668172356882209	0	0.0176835915868583	0	1.01127520990918e-17	3.32707524163251e-18	0	0	1.11833018318403e-17
Epithelial_cells	0	0.00298639055104652	0.00890775029923609	0.002564954705848	0.0153360947134377	0.0111841597496197	0.0142705725157601	0.00815434755300896	0	0.0122111689350412	0.0113328251529754	2.00185470904293e-19	5.70636466679702e-19	0.0128215046244773	0	0.0258377989215336	0.00137998525126791	0.0152250983357265	0.004655674647753	0	0.0147785863062207	0	0.00198738563393195	0	0.00428064366995563	2.55161551765727e-20	0.00611348766271507	2.09647550505364e-19	3.02498673482146e-19	0.0109102133526174	0.0185189601672651	0.0141052208898463	0.0085590913554899	0.0174523124111452	0.00286210336679114
Erythrocytes	1.1367732185121e-19	0.00395559857821462	2.84477469550326e-18	1.11338548971657e-18	0	0	0	2.54770462975727e-19	1.77719402594121e-18	0.0116891912183533	0	0.00401124099853132	0.0141613503113915	0.000437082890132516	4.7131602162594e-20	0.00150926282440771	4.31487558084206e-19	0.00264451629788408	0	0.0408615568785224	0.00303505667285102	0.00719853197752655	0	0.00793486389384367	0.0171352520332694	0.00560211871206234	0.00735269397416914	2.0571535268965e-19	0	1.63573950668684e-20	0	0	0.0112612958038845	0.00266094540629283	0.0017200336403105
Fibroblasts	0.0111945478582494	2.79658898942208e-18	0.0924708899606408	0.038256630354448	0.0439584942553452	0.020756293537552	0	0	0	0.0979956167414603	0.0190858903703662	2.15006432221795e-17	3.32621078511117e-18	1.02082398100218e-20	0.0507534975717795	0.016502803224689	0	0.0336607506277912	4.33840834244144e-18	0.0408160411662014	0	0	0.00557061163451244	0	0.0394307094805026	0.0106199159915181	0	0	3.21193467060888e-17	0.0476944467804552	0.0376610924704171	0.0139352486473106	2.63905993741915e-19	0.0592512253756697	0.065207712907171
GMP	6.28233669189438e-18	0.03912617642585	3.40267628872126e-17	0	5.36637533515116e-18	0	0	1.1966086385782e-17	0	1.82155924673992e-17	0	0	5.96070555787376e-19	1.05051765085968e-17	3.99367392601802e-18	0.0267150087917675	0	0.0096959398359264	0	0	6.63145918077423e-18	0.0177926235947446	0	0	0.0273177412814134	0	0	0	0	0	2.200765353331e-18	5.96650920738874e-19	0	0	0.019990060031106
Hepatocytes	0.00064504537049363	0	0	8.05110468035263e-19	1.69947620401648e-18	2.04732886343003e-20	0.00180781890820902	2.28854233644298e-21	0	0	0.00139323204327531	0	0.00311768349012179	0	1.41182924660664e-18	0.00586815061200744	0	0.000390993164651938	6.92321791004912e-21	0.00267006233043574	0.000108283625006089	0.00168464277449071	5.50190323681321e-05	0.00253928972434952	0.00350124461438147	0.000366709520565709	1.78413078230419e-18	0.00275558792597017	5.89005957583711e-19	0.00108193198866403	4.18924181295046e-20	0	0.00243577041622249	4.02710178463844e-20	0.00152356511910135
HSC	0.0448880949704772	0.127040224644865	0.101271815355927	0.155871059135104	0.13087691756696	0.135175273266491	0	0.114216007086088	0.136306786142153	0.293118672977999	0.167720544464059	0.119379941879569	0.239105386415825	0.0753289806593935	0.149997848567406	0.126774040817097	0.168499521248036	0.114334374194762	0.075989894936719	0.0600228205552353	0.121099309321515	0.332964251559717	0.103346453540228	0.115420831011374	0.204467590641328	0.125329360940251	0.102165025221751	0.0163961115141789	0.237374923357687	0.223594557762098	0.0638206800064369	0.0527813156924432	0.213192128335708	0.195979599616421	0.261762364538621
iDC	0.161954906394499	0	0	0	0	4.15629180128932e-18	2.8153727170174e-17	0	0.0931355519297532	0	0	0.00854577143312661	0.0085619494215345	0	0.0123962563060397	0.0192339538246278	0.0709854309618752	3.83207904270247e-17	3.07921324513628e-18	0	0	0.00148550519575331	0.0284126729628751	0.142076794591163	6.37627349820587e-19	0.0191387059476107	8.77667304273268e-19	0.0402440550386131	0.012116635193693	0	0	0	0.00719053691115444	0.0745104170717399	2.42479190434263e-18
Keratinocytes	0	0	0	3.34867227632471e-19	1.28388005972075e-19	0	0	0	6.24312980663456e-19	1.31952921449617e-19	5.59055841655811e-19	6.53847407586965e-19	6.91949064196492e-19	1.45185647878803e-18	1.94270699983645e-18	0	5.76511072734557e-19	0	0	5.47630766595528e-19	0	3.41586436535643e-19	1.30309565508905e-19	0	0	0	0	1.09476965779639e-18	1.46481227138164e-19	2.78009910693431e-19	2.17437353984184e-19	2.06117104376851e-19	0	3.00417303553675e-19	0
ly_Endothelial_cells	0.000143118747354524	0	4.77655912641182e-18	0	0	8.51261395609547e-19	0	4.48933353690469e-19	1.81261721922571e-19	5.4443390245379e-20	0.000384858913859554	2.55186413555121e-20	0.00678310092172453	0	0.00772851466656818	0.000435058396813537	0.0031578049693522	0	0	0	0	0.00545047328478184	0.000748985298893524	5.8440234920095e-19	2.88048192023602e-19	0.00793875195479947	0	0.00269360735254372	0.0217802919677533	0.00148044397236703	1.52886361003819e-18	0	0.00194139135196266	0	0.00423742738952566
Macrophages	0	1.5791292524489e-19	3.40132414780025e-18	0	0	0	4.01467392659541e-21	8.3187974477842e-18	0	4.07092333082522e-19	0	1.32312876750404e-18	0	2.86922290644139e-18	2.99549691085806e-19	0.0025991951592146	0	1.80934083822553e-18	0	3.01028332598353e-18	0	0	9.59686404396757e-19	0	0	0	0	0	1.67420705148882e-18	0	0	1.32902973352408e-18	2.19573219149792e-19	0	1.97953138466861e-18
Macrophages_M1	0	0	2.44491454754199e-19	1.00086605904538e-18	0.00150437293632734	4.78586056166673e-19	1.26475127139914e-20	2.37241618385574e-18	0	0	3.13417129461924e-18	0	1.03650413477148e-18	0	0.00167215295673398	5.59274581948045e-19	0.00461082915297696	2.76214011717947e-18	0	0.00605059049707234	1.24966579538209e-18	5.20419661646898e-19	0	4.74996239779896e-19	0	2.95209004289017e-19	0	2.63140027070556e-19	0	0	0	0	6.02791904944501e-18	0	0.00328330901992717
Macrophages_M2	0.00831863119919484	0.00230313734034949	0	2.06913980967838e-18	0.008478865641788	0.00231803976284761	0.000488492652949333	7.82201891914472e-19	0.00551893724187346	0.00918450185555784	0	0.00476120925789614	0.00608250320373969	1.32801149563687e-19	1.87191466436724e-20	0.00538874796131061	0.00404787048057818	3.64227438198969e-20	1.96117435595593e-18	0	0	0.00278943470797255	0.00848685231967959	0.00102486526833795	8.12137003814236e-19	0	0.00119521670399461	0.00748118758889462	0.00978129535262243	0	5.55169086483475e-19	4.78775040402531e-19	0.00179253564701017	2.59409265911515e-18	0.00274913782909937
Mast_cells	0.0085578127118672	0.00448951940533906	0.0001911051224964	1.20045185981254e-18	0.00764143825562598	0.00603891665591659	0.0146497422533006	0.000936851158398177	4.13622433433279e-19	0	0.00278836695878683	0	0	0.00322453325660593	4.23044566151906e-05	0.00174933583139902	0.00170673883524021	4.81370427474234e-21	9.19855067635808e-20	0.00731386833962708	0.000722667282199017	0	5.66532675046131e-20	0.00644651661933484	0.0115743821039757	7.50175411081327e-20	0.00212041680563583	1.22994219221199e-18	0.00612448971072693	1.3370760693681e-19	5.25194356277556e-19	3.64505666758332e-18	1.68076701725155e-19	1.61176084480507e-19	1.93030322886345e-19
Megakaryocytes	0.0124965715497703	0.0132328320189122	0.0255849324977979	0.034106205992971	0.02131841597454	0.017439975651896	0.00878857924266048	0.000717311362301733	2.30269441080122e-18	0.0168232109834359	0.0252278549345784	0.00214203681549051	0.000943667202558801	0	0.0111953684059125	0.0242519525026007	0.00506996711862279	0.00939637106497055	0.00219712458482242	0.00161384343942901	0.0107304671974052	0.00935745367026857	0	0.000149775635546049	0.0254050672174811	0	0.00750109618556154	0.011447488098598	0.00691882897266818	0.0313019274626359	0.00237314180364385	0.0018881322949595	0.0217458701720376	0.0194993711145522	4.84148536046585e-20
Melanocytes	0.000781148693927631	3.58871865568321e-05	0	0	0	1.17425829148922e-22	2.314351722198e-21	3.98251654094018e-21	0.00208990476186476	4.14380390773699e-20	0.00105661740456875	0.000606793969854737	0.00207414044445178	0	0	0	0.00119048383323046	0	2.56635052609431e-05	0.00229996996782248	2.13206917126421e-20	0.0014917832938791	0.00165256853042114	0.00446124676471112	0	0.00165242859023014	0.000809845405434104	0.000753402845574557	0.00213832390973137	0	0	0	5.78392457308774e-06	0	0.0017022961456955
Memory_B_cells	1.58712060971585e-18	0	2.93337295621096e-18	2.85153628777944e-17	1.14258560847864e-18	0	0.0294045543596692	0.0435268014132288	0.00771058274304715	0	3.97583423358375e-18	5.22314786286356e-18	0.0138574993190931	0.00314560172222594	0	0	3.39361807410877e-18	2.32044764686868e-18	6.07175073693189e-18	0.0584047085320382	0.00754874025163599	0.00583480559934041	0.0461505091742692	0.0374754612350633	1.13546516909151e-17	0.0139111089698849	0.0362977103179682	0.064762575760351	5.15617577614139e-18	1.48452355336876e-17	2.79553418298787e-18	1.24805806040002e-18	1.34655180434125e-18	0	1.59652589937891e-18
MEP	0.00909702675270373	0.0128521999215759	0.0145265779943514	0.0344779350858338	0.00980527881438144	0.0262761445847106	0	0.0238188707473943	0.0134705348250836	0.0182565105653333	0.0369435066586145	0.0603201642180803	0.0630328015773845	0.0165097370377035	0.0223219939472332	0.0291401992681414	0.0382359769240012	0.0224464138376417	0.00289616408078289	0.0388638538526659	0.0396338223195886	0.0459730958720785	0.0298050311469617	0.0494746900991866	0.0449891435703705	0.016311102717979	0.0173847750347769	2.08104168925417e-18	0.0227824145379815	0.0397563422551715	0.0355482359510025	0.0218944200218939	0.0204041062824856	0.0255587451256334	1.02334864766961e-18
Mesangial_cells	0	3.26345749341264e-18	4.74970774244778e-18	0	0	0	2.4816818997252e-18	0	0.00515299619715054	0.0205919380521732	0	0.00462220290533316	1.77914687771876e-19	0.00641081290678625	0.0112463072915926	0.0028607359853827	0	0.00740189886877567	0.0155799623627706	0.00509001637842673	6.95007426771378e-18	8.37824975591819e-19	9.38323465208602e-19	0.00743542243982419	0	0	0	0	2.03097224118551e-19	7.9641891759621e-19	0	0	0.0106615545382389	0	0.0146136120492858
Monocytes	0.00579704762839085	0.0115593678668572	5.75647037997945e-18	2.35909134928978e-17	0	0	0.0239546546228515	0	2.67118593724492e-17	0	0.0487994089607105	0	1.11301269070004e-18	0.044547506359257	4.61779196458489e-19	0.0183732745301674	4.61431781110287e-18	0.0745621454930115	0.0418315773615552	1.65426668282886e-17	1.45326999770074e-18	1.78078595900319e-19	0	0	6.28671096742194e-18	5.69720435019216e-22	4.71729316422902e-20	1.1663292094034e-20	0.00734897079795567	4.93296684038619e-18	5.53261489660389e-18	1.58797007389474e-17	0	0	3.53735977412314e-18
MPP	2.48179450098381e-17	1.25524004313544e-17	0	0	3.01934430614564e-17	0	8.69153425258571e-18	0	0	1.1352898410078e-18	0	0	1.8854877179464e-19	5.44398527764636e-18	0	2.35787415064294e-18	3.16679107811199e-17	2.60690118508948e-18	4.8079080149478e-19	0	0	1.62571926129787e-18	8.13793618910633e-18	8.38489955929929e-19	3.81608254844698e-18	4.70254959417409e-19	0	2.20992442654823e-17	0	1.41886826426646e-18	0	3.10270414342863e-17	9.78866090664809e-19	0	8.48697267704555e-19
MSC	0.115428488208624	0.0442069406081807	0.041848595601175	0.101341186887946	0.047705614300229	0.040117230910907	0.208731454216649	0.0650915372113473	0.141166287477927	0.0323757190037165	0.0557885868347813	0	0.0631192076203115	0.0184322074646209	1.17345835319921e-17	0	0.101140615316507	0.0453820975941764	0.0319306223393254	0.0185549654433786	0.159286089417802	0.0914056644025234	0.0578034369963276	0.0251215382632299	0.0221872833465512	0.134114398092394	0.110435993460105	0.161915008605756	0.204386225105735	0.00168251917361833	0.0566173886301874	0.0348503972961689	0.0698757790399407	0	0
mv_Endothelial_cells	0.00138804603165393	0	0	0	1.66061911041966e-18	0	4.44703712416219e-18	0	0.0102075930448473	0.00931950250066058	6.3451014638775e-19	0.00111483944354058	0.0149057231589536	1.72639230365704e-18	0.0097552760978922	0.0126977702944791	0.0141206285062351	4.22949825396939e-19	1.29711526110527e-18	0.00381777327747448	0	0.0183508238875465	0.0135821040186205	0.00909333522506065	0	0.0309862134498027	0.00159274285636663	0.0139724484868197	0.0361742374066767	0.0130295187254967	1.47572919233385e-18	2.55123935511411e-18	0.00494802566940786	0	0.00852926626711607
Myocytes	0.0185008885088649	0.00584277031840659	0.00683256053403808	0.00764511310410139	1.80558074237932e-19	0.010275472353932	0	0.0036871903913149	0.00831064266001779	0.0171056546584953	0.00446379912804174	0.0215873060092808	0.0117825010980049	0.00350835090548853	0.0176676961127242	0.00118051814998039	0.00240374152614074	0.00810411833008568	0.00448853762581644	0.013625378519641	0.00135049490653752	0.0109343757384386	0.0191230480403237	0.0282508699056888	0.000804294017221244	0.0259118740373864	0.0133315312198147	0.0119266444514166	0.0117673334794117	0.0127162927584808	0.015644060769646	0.0106251409379258	0.0102534034015943	0.0293230794431336	0.0212910819495286
naive_B_cells	1.49861530143358e-18	0	1.47632254168653e-17	0	0.015706317788526	4.86058769742171e-19	0.0296864537214782	0.00998556783108891	0	5.21036705577814e-18	0	9.72400442538813e-19	1.07059938672458e-18	0.00697074571866976	0.0102732848538203	0	5.27711591931355e-19	0	0	0.00914667150424915	0.0103771200252677	0.0159034772058459	0.024434204141558	0.0201748976429968	9.16050116762532e-18	0.000455280780180186	0.0130102338455382	0.00967726834476059	0	1.29269144157124e-18	0	0.00541506221380297	0	0	0.00410653542448426
Neurons	0	0	9.98913110069406e-19	4.37722209438481e-19	2.26474744754507e-18	0	0	8.23135741441615e-19	0	0	0	5.72000481169375e-20	9.94175621843002e-05	0	0	4.13506227674812e-20	0	1.44032877561108e-19	1.3107127904395e-18	3.6578834643502e-05	1.93942920730248e-18	8.54708289104953e-20	0.000186161104593855	0	0	0.000442334927642907	0	0.000132139657925552	0	8.16521333285818e-19	0	7.03862825045464e-19	1.12167432093942e-18	1.07289506413698e-18	0
Neutrophils	6.32762835911973e-19	0.0113662786394696	0	3.22568255010844e-18	0	4.78115224502165e-20	0	0.0146381495021591	0	0.0403764897255825	0.0345297269354769	0.000157527917735298	0.0159552719268237	0.107023113678297	6.18526614888838e-19	0.0114104160809132	0	0.128582388705044	0.148143913993336	0.0147926934396387	0.0172825730603168	0.014868549627216	0.00391159848586268	0.00615100001926088	0.0122488920498346	0.00356284195911252	0.000939023099542604	0.00210539719588839	0.0519482191957323	0	1.71566263059498e-18	0	0.0133839104577489	0.0113185688083488	0.00750042851950286
NK_cells	8.60350117421626e-20	0	0	0	0	0	3.81503652382692e-17	1.81108294520206e-18	0.0187576980060514	1.49325332655176e-17	5.48409079294509e-18	0	1.18782218624968e-17	0	0	0	0.00552552544939641	0	4.71442625289257e-18	1.38619875440744e-17	0	0	3.92148358246039e-18	2.29718417557869e-17	0	3.01651519772041e-18	0	1.01642840878375e-17	1.60855741460626e-17	0	3.65556264016853e-17	3.123251123627e-17	9.31090621666152e-18	0	2.79859204439501e-17
NKT	0.0282944971356488	0.0132903969976714	0	0.0444128213985828	0.0482695136431018	0.00300274957198265	0	0.0968375420431513	0.106733298240781	5.62387115556741e-18	0.0656104601146556	0.0409412799074515	0.0274667537843629	0.060330930771518	0.0413778369243941	0.0188478884436355	0.0119889142343449	1.03124300766113e-17	2.82007791203455e-18	0.00623179862985176	0.0594777124353465	0	0.043149852495042	0.0489041183271857	0.0390188321047414	0.00898575510187765	0.0121071318998405	0	0	0	0.0939570796504523	0.0231929243811587	0.0403462598709957	0.0274408828941978	0.0138872258632157
Osteoblast	0.00711677967874839	0.0152735364594173	0	0	0	0.00777820701694766	0	0.012627973668931	0.0269251869850487	0.0653756315614908	0.00542789608324547	0.0410276249782815	0.0459159735497853	0.00754154032809382	0.0564731244885639	0.0501537877077303	0	0	0	0.0192280553708122	5.05784628244499e-18	3.48871486441428e-18	0.0883025930370108	0.0318484840733401	0.0170632924747604	0	5.21929728023226e-19	0	8.0780866130492e-18	0.00543587446654059	0.0124597102590437	0	0.0454170378144571	0.00806741484017209	0.00448011358320818
pDC	1.72382378258424e-18	0	0	8.62839744108649e-19	4.04114974799354e-18	0	1.00747625352643e-18	4.17580979288582e-18	0	0	0.00458366743636903	5.05214688704046e-20	4.40175028714664e-18	0.00721870968806528	0	0	7.90204235828127e-19	0	0.0188513235580571	0	0	0.0225937718680516	0.0016276475782384	0.00147536161973131	0	6.77294281413461e-19	1.22545909409844e-18	0	0	0	3.52365532315195e-18	0	0	0	2.12856078359196e-18
Pericytes	0.0025235975846788	0	0	0.0128549110889395	0	0	0	0	0	3.53775364135953e-18	0.0457730352945113	0.0164055910980223	0	0.0255714329053604	3.31201863265028e-18	0.0189980040381149	0.0243803867358965	0.0331209628308377	0.0110823330229971	0	0.00682312761209204	0.0115031785665383	2.09146198500924e-18	0.0108090817072452	0.0179777126828049	0.0213513448335743	0	0.0342576264025699	3.81069893319425e-18	0.0281033615650663	8.70837438154969e-19	0.0143644201261709	0.00363549415796925	0	0
Plasma_cells	0.0275624202046627	0.0146878463872972	0.013375485767294	0.00539515798516088	0.0317816683048516	0.0211346508283353	0.0181262918082575	0.0146309060686072	0.0028177969924334	0.00764440714348123	0.0215603400970654	0.0203764231701417	0.00952997606320283	0.0233723431907321	0.0160054604885968	0	0	0.010162963548868	0.0170162495986466	0.0233732045626564	0.0312827674193909	0.00403339903753285	0.00638210009933617	0.0107310408573463	0.00750264246467921	0.0527855703807355	0.0432010733732511	0.00941939242333015	5.11436759663568e-19	0.0210634856292975	0.0437396490623693	0.024759321411091	0	0.0108207502728735	0.0230307156757081
Platelets	0.147844257222968	0.155386091374491	0.420982929977567	0.322606664887404	0.386964945915102	0.336224853917599	0.321763739604745	0.151374048668894	0	0.133901045752323	0.189351674949536	0.0311316051179641	0	0.136750115775171	0.048264212713262	0.2052932854901	0.0569207007352345	0.257648081660409	0.113854269128379	0	0.285948763838739	0.0410986425033679	0.00252707092474045	2.96088890297549e-18	0.293059167359606	6.7260186988565e-19	0.069970854199356	0.0215662384387744	0.00443783453918698	0.349493040534587	0.345475974459115	0.41009885304258	0.218373299888044	0.221517233814007	0.00606582901260654
Preadipocytes	1.18986246368814e-18	0.00907149060436165	8.3982501025516e-18	1.31679667320447e-17	3.72529572104375e-18	0.0246807084432663	4.56716348700073e-18	0	0	0.0549114554314413	5.35263795958262e-18	1.91317774760592e-18	0.0216351002003956	0.016404294410225	0	1.06880885306209e-17	3.69765086695465e-18	1.83885072087758e-17	0	0.00830163623846629	2.17496380729809e-18	0.0145382706938051	6.792078471031e-19	0.00975927312934535	1.26277473733857e-18	0	1.19244994418217e-17	0.0012584960038171	0	0.000663484731606771	0.0458680936040058	0.0235824552084263	5.66514474090131e-20	0.0142823723589239	7.97668139079464e-18
pro_B_cells	0	0	8.85640877391938e-18	0	0	1.16390405690045e-17	0.0159387933771421	0.00182627475859921	5.22396288775118e-18	0	0	4.3163166148159e-18	8.39299871283067e-18	0	0	3.58539693602405e-18	0	3.78926354322372e-19	0	0.00713604368890857	0	2.77357304148634e-17	5.09437496806011e-18	0	0	0.000399850238327694	0	0.0251812593945884	0	1.64987630287918e-17	1.70050565297608e-18	0	3.4596641850583e-18	0	0
Sebocytes	0	0	0	2.77975348537947e-19	0	0	9.36522914826619e-19	1.09281347738977e-20	0	0	0	0	0	2.12809378743466e-19	3.16349478373868e-21	0	0	1.13028224320061e-19	0	0	1.44640866947301e-19	1.94162271959903e-19	7.97629079800467e-20	3.31397480923233e-22	1.3380664986297e-18	0	0	0	0	0	1.44159799245636e-19	0	0	0	0
Skeletal_muscle	8.13313955787319e-19	0	2.97771164728323e-18	0	0	0	0	0	1.84313697933125e-18	7.26288392990529e-21	4.15523228823597e-19	0	5.79147372501721e-20	1.58818893990918e-19	0	6.75188342453774e-18	0	6.46760330730444e-19	0	0.00175597639706607	6.86892451883343e-19	2.97739355243254e-19	1.58076052196635e-19	0.00848468650510982	2.0135445004252e-19	2.09583585486219e-19	2.7323455210415e-18	6.50563524383148e-19	0	0	1.77568948459886e-18	0	3.78375907058096e-19	0	0.000410320915208356
Smooth_muscle	0.0430868301811535	0.154748602637451	0.114718967459973	0.113469977066492	0.101550041732804	0.164452585727756	0.000636697979066017	0.0649292274858112	0.0438302982686893	0.105925768809133	0.0458486837782097	0.171203259166684	0.0723564121235985	0.057056562552873	0.14362434651169	0.153055268114171	0.173109905461552	0.108145033490631	0	0.0322995478065897	0.0443987413405327	0.110339797937059	0.0100753580818939	0.0771054230621865	0.103338276094435	0.000743910131854118	0.0827184507167688	5.35037474364817e-18	0.0858427336065981	0.148927697597626	0.0779205601070917	0.147289360037254	0.113601466472885	0.192665136956393	0.162902702751083
Tgd_cells	6.12054574831209e-18	0	0	2.52566011952813e-18	1.82800942438358e-17	0	8.83026607307505e-18	0	0	0	8.59569980735753e-18	6.30082313071882e-19	8.14852949025697e-18	2.64922364072027e-18	0	8.0993705550481e-18	0	1.10582827081848e-18	6.90403811163543e-18	5.01771155955853e-18	0	0	1.14648538999615e-18	3.64659885747035e-18	3.12736040728205e-18	1.03034135957651e-17	1.85051261166075e-18	6.49619477178742e-18	1.45096352569677e-18	2.22013998773168e-18	5.0497933165379e-17	3.2900343594252e-18	0	4.87033088641278e-18	8.56968543107438e-18
Th1_cells	0.00698912395661133	0.0101087236648578	0.00775843767975133	0.0302470068028464	1.16866336808198e-18	0.00512246369487057	0.0149811785784193	0.0629671347826147	0.0185511117572755	0.00492449582429278	0.00472315573493843	0.0375748029875386	0.0442149919652917	0.0382434503797635	0.0362552813041391	0.0129203732508823	0.0245783173207541	0	0.0478542259827684	0.0178282724117223	0.000792000279853563	3.71554675536595e-18	0.0154475329025782	0.0436763508121589	0.0181129040474044	0.0372906217479405	0	2.62642932537672e-19	0.00289110949771625	0.00171173414146695	0.0110018534807282	9.5386372782357e-18	0.0415228166113666	0	0.0115609973662455
Th2_cells	0.0288382160094466	0.0499473888869946	0.0143095276266092	0.0137734375222959	0.0595883634418963	0.0545467640436921	2.70483796220936e-20	0	4.21534519989072e-18	0.014691949306725	0.030161176887066	0.0242550123989498	0.0063102196662213	0.000696494457329789	1.70579222004951e-18	1.83388907200243e-20	0.0701267738517191	0.00649722948093564	0.0142725144401132	0	0.0400727184946523	0	5.44665862116373e-18	0.000781428456557235	0.0168861092914788	0.00406990894889391	0.0298084331043544	0.0256751335834643	0	0	7.19937438999875e-18	0.109559506720041	3.61914451432089e-18	0.000611643755794224	0
Tregs	0.036527392757207	0.0471605201698064	0.074158853289232	0.0384261966762582	9.62553307995136e-19	0.0390950685392039	0.00158158477715276	0.00617942122538407	0.000730433094416369	1.15969169763063e-18	0.0593062953035418	0.00779902380908931	9.50616291307727e-18	0.0291740996978094	0	0.00503131527921064	0.0455187781766571	0.00157182861447774	0.0471635338395159	3.30294905340748e-18	0.000483848410557758	0	0	9.0838204460659e-19	0	0	0.0507622210737739	4.40525553046058e-19	7.78220529281429e-18	0.0030723441632814	0.0345100840632467	0.013684881005938	0.0358698998736023	3.9310174248826e-20	4.36119021375774e-18
