Mixture	ML01	ML02	ML03	ML04	ML05	ML06	ML07	ML08	ML09	ML10	ML11	ML12	ML13	ML14	ML15	ML16	ML17	ML18	ML19	ML20	ML21	ML22	ML23	ML24	ML25	ML26	ML27	ML28
aDC	0.051658935649149	0	0.00708561224755326	0.0217188198939014	5.50522890375956e-19	0.0200953333688836	0.00557767814500336	0	0	0.063764834070916	0.0280405422065695	0.0230686234578936	0.0366070027532005	0.0415301630287402	0.00954370046981641	0.00728328363362609	2.29440652994185e-18	0.0260078496259359	0.0581713802914792	7.71759609081318e-19	0.0841189344936444	0.0819110568079862	0.0492558679724515	0.0528633122308634	0	0	0.0497285129976386	0.0159927653337837
Adipocytes	0	0	0	6.44604465544682e-20	8.6099331891619e-19	5.26549890924375e-20	2.71920796867385e-19	0.000377436301734542	4.98882210960395e-19	6.93138092526291e-19	0	1.94981990997094e-19	2.84846248702267e-19	0	2.77123743718921e-19	8.63037747761133e-19	0	0	0	0	0	0	7.01341363525286e-19	0	1.43182404234527e-19	0	8.00511985618075e-19	0
Astrocytes	4.15483876164975e-18	0	3.13612527767175e-19	0	0	0	1.24378090466964e-17	0	0	0	0	6.27037538540588e-18	1.31188146236529e-18	0	0	0	0	4.01054221191969e-18	0	7.28122977351183e-18	0	7.38094154910678e-19	1.34406683901499e-17	1.11378191172479e-17	0	0	2.62590340661128e-19	0
B_cells	0.0539905956492912	0.0670803823537967	1.84840032885504e-19	0.142047314028844	2.36765039869848e-19	0	0.209225491594276	0.0495744199011206	0.111860762454027	6.48827564309573e-18	0.165288290877108	0.242371693162542	0.08710460680139	0.0702607289950392	0.273327182829819	0	0.0504548126972428	0.166541846045935	0.0804971596107388	0.125346866967147	2.23773491509866e-19	0.0369324816175499	0	1.30555253942665e-18	0.108300486596459	0.0371897572244991	0.0574196226904891	0.103110733047149
Basophils	0.237052174512543	1.17330029996877e-18	0.0833656342239862	0.0303941183859121	0.0279276123482912	0.000374126578944463	0	4.42848616425088e-18	0	0	0.0104741090714208	0	0.0330043660736686	0	0	0	2.5875407916152e-18	0.0298513941325574	0.0547055821073782	0.00972928357709815	0.00832243925000521	2.09156125092364e-17	0.0179390871903459	0.0872512394538944	0.074912040056439	6.47488264490809e-18	1.2125877258424e-17	0
CD4_memory_T_cells	0.00109934419630486	0.0163997138912752	2.71311044492833e-20	0.00881721535235363	0	4.73105893803462e-19	0	0	0.00368349287937605	0	0	0	6.62877240067285e-21	0	0	0	0.00548793921511613	0.00421418286306671	0.0250109213797251	0.014100879677887	0.00233131865463109	0.000786253954082241	0.00418310991112445	0	5.31005138174549e-19	0.0259826818101795	0	0
CD4_naive_T_cells	0	0	0	0.0214621920676714	0	0.0190238430939163	0	0	0.0123746452898155	1.82821913250914e-18	0	6.99688158547684e-19	1.73383927125821e-19	1.11148470815322e-18	0.0168521754238366	1.74449065803944e-18	1.3772793253943e-18	1.648546701366e-20	0.00155748349036924	0	0	9.40325819225112e-19	7.08189657611112e-20	1.52137277006471e-18	0.0155760408420246	0.0226673394440149	8.94991127729637e-20	9.83144579454845e-19
CD4_T_cells	4.73209290081309e-19	0.0245668658863013	0	0.00577522717380562	0.00932332354372842	0.000409320482500361	0	1.48199298042898e-19	0.00794252968515862	0	4.30666545438797e-18	0	5.08585726272971e-19	0	0	0	0	0	0.0204928517942989	5.98031229230133e-19	0.00580872387346891	0	9.00861843080411e-19	1.78409031865769e-18	0	0.00356574523778298	1.92873138726623e-17	0
CD4_Tcm	0	0.10551372734214	0.0220609062514274	0.0195960022932596	0.0290928926087269	4.53108521579152e-18	4.53632278519157e-18	0	3.51283268470288e-18	6.17761265549365e-18	2.15559724393102e-18	4.99474090686277e-18	6.32554896393211e-19	2.52318181190613e-17	2.24201849532454e-18	0	0	1.36363414519014e-20	0.0098812119437459	0.0169150864925143	0.0191997309484584	0.00672382954373539	5.71606513767343e-18	0	0.00431318738367612	0.00922007236053506	0	0
CD4_Tem	1.22811478005308e-17	0.0041195975999935	0	2.47043325100395e-19	0.0246859423495031	8.40076299646772e-19	1.23401411171772e-17	5.19147353914002e-18	3.16992349661588e-18	8.5115028430328e-18	8.77214570884412e-18	8.00469195364006e-18	0	0	4.73350101332702e-18	0	0.0969510942223467	5.59098394709197e-19	0.0667510248248473	0.00776109562793388	1.09491372528331e-18	0	3.71007718716753e-18	1.67972413405064e-18	8.54948344754275e-19	0.0601330504721044	1.62127564417547e-17	2.46458779755985e-18
CD8_naive_T_cells	2.75824142298979e-20	0.000962695046336709	0.00848296706068392	0	0.0146844647600938	0	0	0.00348302400182798	0.002833816331865	0	0	3.81774197720763e-18	0.0105870480125377	1.45229841264299e-19	1.54099532000118e-22	9.54955287527716e-19	0.000731923623712074	1.32221571111248e-18	0.0123793712403846	0.00314192995549121	0.00971994290586104	0	0.00595433771923106	1.5433680028658e-18	0	0	0	0
CD8_T_cells	0.00515057887947365	0.00409990478665932	5.00179717520975e-18	0.0023628280546134	0.0383725930574322	0.0304624789856164	1.20621855601721e-17	1.06529091795427e-17	0.0219829472472814	2.69936147697668e-19	0	0	4.54689099205094e-19	2.97130620964926e-18	0	0	0.0296109490183325	0	0.00549064518813726	5.15410533483198e-19	0.0134593008853366	3.75546888410883e-18	4.18040967550416e-20	5.71347265047877e-18	0.00239107359692514	2.40407155975978e-18	0	0
CD8_Tcm	0.0332747724295532	0.00416518331088991	0	0	3.02422601320147e-18	0.0578810322782226	1.89976691364741e-19	2.09735403747554e-19	1.0330675085603e-19	0	9.70797115312343e-18	9.22380713415534e-18	3.22043369708481e-18	0	1.60358010880932e-21	6.75002759742436e-19	0.0395540811869172	0	0.00270165218079562	3.78368439930916e-19	4.14765908487811e-18	2.28602244111927e-18	0.00717024065660045	0	8.20893654481455e-19	0	5.94405474255766e-18	0
CD8_Tem	9.11533973472636e-18	1.48628080388127e-18	0	2.47815191373188e-18	0.0112420876328098	0.0115255289558929	9.54614523674422e-19	0.0263929979914409	0.0248654044348087	7.33596969128767e-19	1.40015983783958e-18	3.48981634539787e-19	0	0	0	6.51967502607661e-18	0.0379773845049731	2.206141256073e-17	2.81706078148323e-18	0	0.00207403903479889	5.22286736815068e-18	0.0117037413648433	0	0	0	3.99987081897337e-18	0
cDC	0.0872698119230043	0.0357006272847125	0.0930182991886251	0.0402259800626125	0.0862781502403237	0.0550011404923755	0.0405101800023189	0.0630661560387088	0.073751896245365	1.6828953256059e-19	0.00760783494862782	0.00289592873052434	0.0110147474395312	0.0149747051130818	0.00175831933683167	0.0206087900424394	0.00315138297622912	0.00240702199374496	0.00333107211711136	0.0163729845437114	0.000863525081535996	0.0142260703526946	0	0.0476022591982544	0.0378537918863404	0	0	0.0181716636985768
Chondrocytes	1.07943871573801e-18	5.21023316121199e-19	1.0264986734858e-18	0.000253064807431447	0	0	4.27309621367412e-18	0	0	8.92684979976839e-21	0	0	5.53445043612711e-19	0	0	2.9310102432523e-18	0.0137534431006366	0	0.0277992906255948	0	0	0.00169808395839191	0	8.49344726557955e-18	0.00905587960538239	1.55158210476406e-19	0	0
Class_switched_memory_B_cells	0.00311269852221665	0.0154411696531837	0.0180989572320567	0.0935347251331903	2.76676865841585e-19	7.30509104176425e-19	0.108591717921823	0.0587481706309827	0.0832158961419337	4.49724173573551e-19	0.0566932611200062	0.12003465056843	0.0644984273696376	0.0448423448114911	0.0856222983271229	1.00363556319989e-17	0.0513121792204445	0.0813511225100549	0.0520637677765324	0.0542214933908892	0.00779476222846601	0.0421342315761868	0	5.7772912326796e-18	0.0369841849893422	0.029532331865114	0.065986094692309	0.0787622387123198
CLP	0	0.0162880728568301	6.33758684517502e-21	0	0.00499659486891166	5.73643815978014e-19	0.00925909699664717	0.00167956013381444	0	5.17772518823154e-18	0	0.000657202721855265	0.00893280795995571	0.0124990264859128	0.00398259528325492	0.0109326110747219	0.00462620041035488	1.85571854540275e-19	0.00676844452330883	0	0.00359029182200247	0.00344640829707288	0	0.00348596472443411	7.98744526949197e-05	0.00547507347878683	0	2.24162185765722e-20
CMP	0.00691084467392082	2.32246542803305e-21	0.0208429882878325	1.21063915844459e-22	0	0	0	2.64599057026645e-18	0.0115123058674731	0.0724909520723929	1.78684292736723e-18	0	0	0	0	0.00245741177691506	0.00842152888721396	0	0	2.39328169863305e-18	9.75866962594224e-19	0.012993751586471	0.0465717374219341	0.0633438091068902	0.00555458817464645	1.06996289753915e-19	0.0379765063711603	4.36679085970521e-19
DC	0.00234108643720831	0.00153365220574244	0.0217173367827971	0.000100912231965378	1.86224555820258e-19	1.11525272487039e-19	0	7.60757386142412e-19	0.00346813822743547	4.46842352312469e-19	0	3.76476689053279e-19	0	4.7727024546675e-20	0	0	1.64592621389702e-20	0	0.000296822535212009	0	0.00707516318800311	0	6.61895738159801e-19	3.86407538262218e-21	0.000314994355883697	6.81498947027185e-20	9.95460829848939e-19	0
Endothelial_cells	7.47393587637912e-19	0.0239883750248378	0.0083173691042937	0.0265026500150052	0.0449363307943208	0.0654791361191375	7.14585504215969e-20	0.0231020462426377	2.51761421116114e-19	0.0600623042514455	0	0.00238303306613123	0.00130929259975574	0.00791801853204117	3.65810449687427e-19	0.00600052578063052	0.0600930067982084	0.0154476188104803	0.00543652254727235	0.00767388413324922	0.0477681096367067	0.0328568333763027	0	0.00378885201003151	0.021622519703323	0.0261741527728955	0.00127276278861346	0.0193829177793525
Eosinophils	0	1.13049429845854e-19	0.0025777354438016	0.000670028584825189	0	0.0176440474401915	1.98837356655798e-18	0	0	0.00227437705833503	4.1201386532631e-19	0	0	0.0219927086131701	9.64358133899329e-20	3.15914667203609e-18	0.0131747086190676	1.1087504494838e-18	1.46568697811676e-19	2.21053777594075e-18	3.53320233466737e-19	0	3.0282169044749e-19	0.0158080710027075	0.00764908893078291	1.57076535024091e-18	0.00332038840037587	0.000191614563853128
Epithelial_cells	0.0112612565219608	0.000884345498756104	0	8.19897412623615e-05	0.00887111546899907	0.00135209853846262	0.00224255908196926	0.00238608797962055	0	0.0233425458100865	0.00284358766969501	0.00355110182601781	0.0187067662007022	0.0157913274968234	0.000324418178237288	0.000563539144944149	0.00396727437116473	0.00100337905050371	0	0.000180397142991194	0	0.0169552154617687	0.00147090366215062	0.00214148774828602	1.41785073798904e-18	0.00359792952864529	0.0064173480454979	0.0036290975079501
Erythrocytes	0.0120922684254031	0.0162432811320729	0.00667402941142665	0.00169765673162985	0.0132517287854715	0.000798034051857372	0	0.0547087536385619	0.0199760678893099	0.0440522720922363	0.00461696394419534	0.00340238518963371	0	0.0164464217262697	0.00554670552302988	0	0.0126125297760839	8.42801670556829e-20	0.0173745566374083	0.0134369903703259	0.0262641591982936	0.0353992897776457	0.0551929579840818	0.0142755923746876	0.0089688798500234	0.00854465747691434	0.0273628815069997	0.000396163054131239
Fibroblasts	1.02702396040792e-17	1.08067023135217e-17	0	0	3.73119680496867e-19	0	0.0164126230898048	3.27911208187654e-20	0	0	1.28538152762323e-18	8.27085547076809e-18	0.0284112837434922	0.000985215702163542	3.56410340634316e-18	0.0329364197737617	0.0753035866889328	6.92135548041302e-19	0.0167260312928543	8.68860015672008e-18	0	3.77752658684439e-18	0	0	9.48446100920098e-19	2.53456626467834e-17	4.35489326221348e-18	0.0371245222044601
GMP	0	4.04458295610919e-19	0	0.0518488641470692	1.20629140369444e-18	0.0451913284766034	4.42894293198865e-18	0	9.09575886101195e-19	0.0499806045096215	0.0162477003049678	0	0	0.0209596932481311	0.031599270067808	0.125685462438572	0.0128398613019462	0.0348638781743579	4.27744921152141e-18	0.0262310394540866	0.0414228182998418	0.0232632813024445	0.108688955797461	0.131563883499186	0.0223284796965816	0.00480118479615528	0.108360943255237	0.0132747790399256
Hepatocytes	0.00258037797657318	0	0	0.000603435606243164	1.34671471531243e-19	0.000655893706347314	4.41337824515697e-19	0	0	0	0	0	0.000803379890230832	0.000715647745228062	0	0	3.0367086693227e-19	0.0026142539145861	0.000237109956027327	4.63610262221512e-19	0	0	0	0	1.55012864561316e-19	0	1.25139998046144e-19	0
HSC	0.00312434708830818	0.142936129613562	0.061224019853372	0.158525060003395	0.17240767865625	0.281457860803106	0.0682730363285112	0.250596098437974	0.0868418992292616	0.111285792803533	0.141439541566751	8.38362177344752e-19	0.0238123691581434	0.121204585430759	0.0675532215242583	0.16965808031669	0.128228955287766	0.0217442375774608	0.0842961210480651	0.148658996451068	0.240105639707815	0.149191115726312	2.45113584897256e-18	0.0781899398054729	0.105748297931199	0.0524650957226022	0.0497280056512666	0.0718350269144729
iDC	3.69408952078649e-19	0.137563483758253	0.20870343361245	0.0301005083828094	0.0281591893884386	0	0.0365832353504399	0.0142096957476754	0.0736557291388373	9.73688595741653e-18	0.00536904221142612	0.00328483143171238	4.95543275333985e-18	0	0.0165441668010393	2.16309499950015e-18	0.0452228635215042	0.00144704918871655	0.0256595610397724	0.048806193308515	0	9.35794516274279e-18	2.73897844946248e-18	0.0341891600071449	0.166356563895704	0.0753740215243902	0	0.00905759101725279
Keratinocytes	0.000174489290097011	0	0	0	0	0.000164189305269198	1.13642522854033e-05	0	1.35938290805877e-19	7.64780174498953e-19	0	0	0	1.05589812722076e-19	1.02830590894834e-22	0	8.03649311921672e-05	0	0	0	5.48938922211036e-19	1.71840799996407e-19	0	0	0	0	4.17921953666872e-20	0
ly_Endothelial_cells	0.00460608381409917	0.0223106643035147	0.00294180570523332	0.00622123936869879	0.0370197019087289	0.0382103783617905	2.79177572060126e-21	0.0015152636432599	0	0.0169916889576986	1.26692987772882e-19	0.000185646053950741	1.00300899458454e-20	0.00312676641359506	0.000184949837857365	0.00709401809197684	0.0167058869696285	0.00270560673592608	0	0	0.0300926168302037	0.0218687311945192	1.78808302216051e-19	0.00190693406614269	0.00770554661417637	0.00688917350193826	0	0.0106255125906452
Macrophages	0.0124344447782548	2.97658125592051e-19	0.00390626646826098	0.000653491961103355	0.00174224588020774	0.00777289774930585	5.57853225245197e-19	0	0.0095739930823675	0.00197783570615964	0.0153236470105077	1.20966775569015e-20	0.0113661163272624	0.0189466714676604	0.0121336782625878	0.0300605190990136	0	0.00145889870200374	0.00371733460329391	0	0.00023125999160741	0	0.0201451193268734	0.0294171038090143	6.06923013229007e-19	0	0.0164447859000449	0.0080784184257247
Macrophages_M1	0.0184878356780317	0.00144023335825928	0	0	0.00603116847615879	0	0	0.000279341408498989	1.14360113602126e-18	0.00284771657189717	0.016050459017823	3.0238321251685e-20	0.0120766539675011	0.0251106871215716	0.00695141869617557	0.016638787978301	4.83953683300615e-21	0	0.00361272301117415	0	0	0.00257029333936462	0.0097260241763078	0.011400734875372	0	0	0.00905337062797852	0.000922179777746716
Macrophages_M2	0.00747446069937435	0.00683162677160149	1.32218471342607e-18	0.00532284036532106	0	0.0161341700510104	9.16602919500674e-22	0.00515008640856896	0.00645110211675423	2.94561382547168e-19	0.0268723100447988	1.19529068362672e-19	0	5.69852059705706e-19	0.00179181833012056	0.0062804585916133	0	0	1.67342892059045e-18	0	0.0058251683833411	1.74595918264483e-18	2.04623969252686e-18	0.011832285345029	8.30696257858872e-20	3.11645426271917e-18	0	5.48826905840226e-19
Mast_cells	0.00996837889879759	0.00277319026096783	0.0138771756681256	0.00306031699581964	2.81438786131268e-19	0	0.00345700569675645	0	0.00500520492799546	0.00926633421662751	0.00281694452127448	0.00312921543107161	0.00443890912968767	0.0127108883721632	0.00146953891237747	0.00717027092508833	9.55185845964299e-20	0.00375381792823469	0.00532138983577477	0.00878128951098643	0.00849198921864651	0.0024762794363455	0.0196823115327888	0.00882123860727247	0.00231998855454271	0	0.00291615204297949	0.00695331202013901
Megakaryocytes	3.203411656998e-19	0.00139238544318711	0.015279479451055	0.010372295809871	0.00415541420462219	0.00985295757765617	0.000355037387797172	0.0117865034659816	0.00620243526859147	0.0108725990797943	0.011856749102778	0.0152564264202941	0	0.00714417880258572	0	0.0322575328121859	0.00165600731283195	0.0466185230867016	0.000125742722372494	0.0187564104937094	0.00692663099521619	0.00615763788163557	0.00939827041771738	1.95877086460354e-20	0.00367266935196994	0.0272036244274452	0	0.0400601524546182
Melanocytes	0	0.0026661406156227	0.00212459175070307	0.000145728929125992	4.01595561580462e-19	0.00152750913732111	0.000100544809374388	0.00525185542168573	0.000865367469705018	3.3670907702046e-18	0.00200046896079079	0	0.0019033444956263	0.0025929139607648	0.000613954262898776	0	0.00389109127499162	1.77630518978038e-21	0.00319031075218281	0.00280712565998487	0.00224031696737904	0	0	0.000879748958686543	0.00114276936304746	1.01727090471058e-17	0.00010144830286414	5.49420763369025e-19
Memory_B_cells	0.0364319819543932	0.0289727142567677	0	0.046509271519598	0	1.13962803821612e-18	0.0914970593356855	0.0182330683612185	0.0291034018141528	0	0.0691835787346261	0.135448640126745	0.0393584731091895	0.0285123348884355	0.102769375177548	1.85547077769684e-19	0.015882661214158	0.0647543537460769	0.0547451868865594	0.0282956914823255	3.87058782936295e-18	0.0435021216922902	0	0	0.0491698488192593	5.51150490058546e-18	0.0237144129443058	0.015972601053734
MEP	2.438964202647e-19	0	0	0.00683369904385437	0.0368752425413955	0	0.0272484557721422	0	4.31440003848809e-18	9.43854086617884e-18	0.00528578062856787	0.0221497259252317	0.0208343702799608	0.0172376630789448	0.0137948673340217	5.47559995549296e-19	6.53306194518059e-20	0.00589131104813967	0.00152211541047078	0.00692267476593664	0.0161309508160702	0.0240842099437883	3.70995566656934e-18	0.00735139770185136	0.00818143105788327	6.46682228648392e-19	0.0200200025909426	0.0163430762465921
Mesangial_cells	0.00120932884513241	0.011722759681595	0.00519470451708605	2.53861309117843e-18	0.00847439670791028	0.00277442762070682	0	0.00197007929717819	0	0.00598878658142199	0	0	0	5.70604095673123e-18	4.25404932992778e-18	3.29623986221879e-19	0.0158156833662539	0.000807236453220396	0	0	1.37112642968725e-18	0.0110957665881067	2.03783660287716e-19	0	1.19799137664199e-18	0.00238073199202424	0	0.00270657412475616
Monocytes	1.81374317388166e-19	1.60164423122683e-18	0.00401261497046911	0.0151699071769486	0.0106506032698199	0.00423385338639262	2.93392011218583e-18	2.94063749872887e-18	0.0146615237272815	0.00318471300526796	0.00283064578610705	9.27113020779913e-19	0.0218270626565739	0.000186009921064043	0	0.0210381134577874	2.751446226118e-18	0.0111492078100219	0.0255826449744303	0	3.20435083293947e-18	1.11653018725508e-18	0.0304942082888962	0.0745289058234497	0	5.95679843176105e-20	0.0335361976638017	0.0218174015586604
MPP	0	1.17641776493171e-17	0	7.08568656556433e-20	7.50813911163082e-19	2.82294699843722e-19	9.58226090927835e-18	0	5.24364990238375e-18	0	3.15283557108901e-17	7.94837591687892e-18	7.38786641989103e-20	5.27288653556396e-19	1.24605426631046e-19	0	0	0.00466463096104761	0	1.48026260533934e-19	5.07450492092355e-19	0	0.00815861795795431	0	1.48819031417915e-17	0	2.27219182330775e-18	1.74984830849643e-18
MSC	0.163615843572716	0.0140370285222879	0.130616501182533	0.0317353200451549	2.13276355454865e-18	0.0780831824126574	0.0839966368611148	0.045481501349079	0.191173729545548	0	0.162142026460349	0.0486864412875568	0.0201708028490768	0.0652126674321041	0.0749888029292415	0	0.0381286895001849	2.51545190706258e-20	0	0.0961219248784353	0.0840904205235386	0	0.0322883982698634	0.12057644690888	0.0204494319210897	9.58133951945904e-18	0.0698509158490939	0
mv_Endothelial_cells	0	0	1.32869199423122e-19	0.00279141263596768	0.02644666756007	0.0192553391670047	0	0.00582896016786505	0	0.0178402259511667	3.42022739524561e-19	3.64878264878593e-19	7.64019266685947e-19	0.000936347249079115	1.67630831992254e-19	0	0.0159382103993847	1.79075353118595e-18	0	2.74328071532134e-18	0.0139163533279121	0.023864564857045	8.96783349922929e-19	0	0.00997962274835503	0.000881167812820694	1.03238160750253e-19	0.00727087558252226
Myocytes	0.014237081137442	0.02256827777149	0.00938690074776968	0.00610893680100276	0.00581699671326627	0.00985090908408697	0.00253974305119863	0.0210962548523337	0.0130396144021078	0.00128239834254755	5.48551931124535e-19	0.00231097148328981	1.47626342814761e-19	0.00344810464730979	0.00390879687513401	7.57476479748456e-20	0.0542484678867249	0.00506640236352478	0.0276689286473088	0.0110807975312061	0.0336223215522539	0.00187123968233839	6.70251369491966e-19	0.00597295309333819	0.00508298208443245	0.00431089362086978	1.98863540424728e-19	0
naive_B_cells	0.0242382832416237	0.0229025987510351	0	0.0437135007611421	1.53988814393088e-18	3.15013430836016e-18	0.0281444686993818	0.00712531139843721	0.0251468665486616	0	0.0517919267797038	0.038501869514296	0.0164080383117537	0.0336793732751379	0.0677987885039075	0	0.00917764025547983	0.0269194234042897	0.029994541322067	0.0485666845226776	2.19568393334579e-18	0	0	0	0.0273599148858534	0.00469832103756973	0.0157376890196076	0.00735732148500953
Neurons	0.00875212927459333	0.0034051784709499	0.00623353298785679	0.000720798972129117	0	0.00484846988049437	0.00113626085388502	0.00332296809439421	0.000315616786214652	0	0.00212515250290703	0	0	0	0.00188399626583283	0	0.00984192998826675	8.27392656459263e-05	0.00450295547347987	0.000584817207309915	0.00116922654619325	0	9.16849362459642e-21	0	0.00170110027552111	0	0	4.78574384176215e-19
Neutrophils	0	0	0.00192203439534355	1.48663631076524e-19	0.00655672554807747	0	0	0	0.00115126530284655	0.00330632036540125	0.0029194321651718	0	8.48844273742673e-19	9.28242624990075e-22	0	1.17342641653688e-18	4.97494007942805e-18	0.0071824581834418	0	6.18698862158708e-20	8.79152872299426e-19	5.15959524628466e-20	1.15305504846076e-19	0.00468525061468939	0	0	0.00133091134501826	4.23452318484791e-20
NK_cells	7.06739241386507e-19	0.0199703339145914	2.67078158957726e-17	4.03866173653012e-19	0	0.00753341628351651	0	0.0193097443146311	0.0232036173659235	1.66848935568706e-17	2.97754409811803e-18	4.42004609521331e-18	0	0	0	1.86043375485592e-17	0.0158230789768864	0	5.62189132460198e-18	8.4013744955652e-18	0.00226802985289493	0	9.84327231607431e-18	0	0	4.62481493915674e-19	9.62148120573228e-18	1.64472143805697e-17
NKT	0.0237130550780785	0.00816391909248607	0.112856987807116	0.0475442537473879	0.110880862603835	0.00983849736109883	2.0657101136464e-18	0	0.026874866928245	0.289188604671389	0.0373703464315589	0.0336280473316203	0.200066654819578	0.186842894683589	0.00332382051048748	0.0726342091854862	0	0.0651376318503491	0.173344424860686	0.127294092495792	0.0840342433804019	0.150290967261423	0.252749276240796	0.082471005900107	0.0389582306391779	0.207956406985853	0.243794063845712	0.120513169702529
Osteoblast	2.10938924422319e-17	0	8.63759766626127e-18	0.0140373533414378	0.0381940365945436	2.13013385501503e-18	0	0.0562347358921586	0.0319871951286328	0.0774051181396627	0	0.00417823228316834	0.0512187323126579	0.0039070730189177	0.0167736061848221	0	0.00520488167970088	0.016233956701163	0	0.0129302425198011	0.0358814909264475	0.0333826893428368	0.0238150269413901	0.0241086503444655	0.0118880914327543	0.0229031261341708	0.0252670185618582	0.014587529060147
pDC	4.74808967322269e-19	0	0.00620549120934556	0	0	0	0	4.31309171019926e-19	4.14280260627259e-18	6.20374374104911e-19	0.024177604764834	0.00646475640086617	0.00308294033652102	3.13599787198266e-18	0.000661179089530862	0.0183615611345229	2.56899243364847e-19	0.00481806185735905	0	2.79604480892173e-18	0	6.18766143729388e-19	2.05851868556012e-20	0.00726642993813053	0	0.0235203109528212	0.00099753655671546	1.96854659276213e-18
Pericytes	0	0	3.00419134650772e-17	0.00680811578272331	0.00316510419623496	0.00546390878956655	2.00180758148174e-17	0	0	0.0202123092372512	1.37033419091368e-17	0.00804255706901063	0.0554950708680998	0.0158731282670278	0.00428298886588938	0	1.45469438524688e-18	0.00907346856596923	0.00298023617275704	0	1.14806194483976e-19	0.0395674992166836	0.00219139536581834	1.47752717960087e-18	0.059973778218787	1.22236474125071e-19	1.12429189371044e-18	0.0279196072894955
Plasma_cells	0.0323745114909483	0.0256121969417175	0.00655812741030223	0.0209099225781994	0.00197382771916032	0.0109087264028798	0.0720305706642388	0.040702105025607	0.0269127808072584	0	0.0583082149150363	0.0318601858754927	0.00544764630665457	0.0458691897812449	0.0700393199676022	0.0279939577883517	0.0184573123279901	0.018699465618926	0.0184837004883356	0.0249818080118101	0.00775372887584545	0.0137126811434022	0.00879408922011901	5.33557668416611e-19	0.032715316304456	0.0260193584729895	6.12316981232202e-05	0.0292045340467221
Platelets	0	0.00556548492434511	0.0315012180856782	0.0150909045747858	0.0230807943371996	0	0	1.68990273301135e-19	0.0284897787363129	0.0036935766027156	0	0.0482924705360831	0	1.70008016933572e-18	1.4529252441207e-18	0.136742294624067	0.00106305532000642	0.126333745639563	0.00378230395719212	0.0520230946350138	0.0239175422198306	4.91387179300817e-19	0.0292672177443257	0	0.00976769273833025	0.146061037830998	1.64915222500407e-18	0.128276024294434
Preadipocytes	1.75315552137348e-17	0	6.06647304318359e-20	0.0296789933502187	0	0.000178195628369237	0.0135067588673038	0	2.95901708284605e-17	3.62172395595131e-19	0	0.0179441987908192	0.0172452684117474	0.005439954213373	0	0	0.00749007154666497	0.0329369226599599	0	1.33010475247255e-17	0.0233233574943438	0.0255532644990964	0.00745009660720455	0	0	0	0	0
pro_B_cells	0.0535475992299746	0.0150764828989684	0.0068363265772193	5.30802218211973e-18	0	1.27756402113814e-17	0.0207281005835405	4.06529565884304e-19	0	1.60499064283122e-18	0.000974923317403801	0.0328401910172716	1.10378803806136e-18	0	0.0387411889096702	0	0	0.0488637785900112	0.0223393125071788	0	0	0	0.0161638379422944	0.0131527764357461	0.0168679612638545	1.26878408122235e-17	1.30523063537743e-18	0
Sebocytes	0.000513565908818092	5.94570313726744e-22	0.00193131025697973	0	0	0.000483845816990894	0	0	3.19388914274338e-20	4.27176395472825e-21	5.52435044776276e-21	6.47665411540123e-20	2.54310464409563e-21	4.28163546341603e-20	0	0	5.42344418930888e-21	1.0149515966212e-20	0	0	0	0.000171653156445102	3.52125687939355e-19	1.75043786433455e-20	0	0	0	9.42910763340234e-20
Skeletal_muscle	0.00627810084602788	2.40137507136507e-20	0.0306418072531596	1.87060283415838e-19	2.7993513743056e-19	0.000380056499638772	0	3.96753420055899e-19	0	1.18841777109377e-18	7.84701736534177e-19	0	0	0	2.4201867342597e-18	4.33063306807263e-19	0.000730828400363465	0	3.14068218055435e-18	0.000230530024678398	1.12634478172151e-18	1.87078419541277e-19	0	5.0097626985234e-19	2.55869007198389e-19	6.41832183144809e-18	1.04390270291198e-18	8.55560401468547e-19
Smooth_muscle	0	0.0823153198830145	0	0	0.105055012306927	0.104005777343334	0.0396334305681427	0.0537480251580801	0.0116826274007446	0.0198027850281233	0	0.0304833727640241	0.0217607559923459	0.0329262102298469	0	0.14299106446719	0.00194851367368848	0.0529229992638451	0	0.0276939177417101	0.0467506946685212	0.0566931261583531	0	0.00263943384224809	0.0370404897409313	0.135621248355447	0.0260571283517624	0.0715218379378534
Tgd_cells	1.02803966447883e-17	0	9.53644206703227e-18	0	2.09180195657881e-18	1.10085145028909e-17	2.45524301839206e-18	0	1.76374756387721e-18	0	1.90678434674907e-17	8.87324229943567e-18	0	0	0	1.12787937842785e-18	5.46610028784814e-18	0	1.93181302618132e-17	1.40585266847722e-17	0	2.34557110930993e-17	0	7.900636269224e-18	0	1.20201660602747e-17	0	0
Th1_cells	0	0.0177694589608959	0	0.0292489477553905	0.000282019894428157	0	0.00753093480626282	0.00347772880218534	3.52708779705699e-18	0.026864387901459	2.13409610546803e-17	0.0441360297172078	0.019069367430891	0.0551821006200342	0.0252483835575071	0	1.05009825305326e-17	4.91954472644751e-18	1.72714290106636e-17	0	0.00266663361118765	0.0116292949164948	0.0821466779460465	0.00681477254483203	1.25536551181418e-17	0.0253544808458302	0.0149232614474213	0.0145308714220327
Th2_cells	0.0710237333766868	0.0670167979313603	0.045803834855457	0.0010041557863192	0.0238138153419312	0.0611480887688523	0.111408009280096	0.151162019892737	0.0101934815787073	0.0620209169728494	0.0693489149349944	0.07481157181726	0.149427613988631	0.0449942556266989	0.0399854737617337	0.104611087862115	0.0744399195474084	0.0519653383629279	0.0414575642236768	0.0403517774257147	8.36824538212e-18	0.0729900763511876	0.13939849234138	0.0516703600288926	0.0160053767085189	0	0.0886208068521835	0.0844098880534105
Tregs	0	0	5.35723587614128e-19	2.09338456850284e-18	0.0355556596921828	4.96830606918121e-18	0	1.8570128121022e-18	5.02864274374604e-19	3.84566635213951e-18	4.38183984144737e-18	0	0.00401008040399562	0	0	0	0	0.00446618731425107	8.42827571577191e-18	0	0.0507481246092961	0	2.72647509983049e-19	0	0.0120077853296312	0.0014770243146032	0	7.93963888661744e-19
