Mixture	KIRC01	KIRC02	KIRC03	KIRC04	KIRC05	KIRC06	KIRC07	KIRC08	KIRC09	KIRC10	KIRC11	KIRC12	KIRC13	KIRC14	KIRC15
aDC	1.87591747243609e-18	2.3085958109398e-18	0.0505320656397535	0.0442316080735477	9.9699924408725e-18	0.121878257192043	0.0154290710380952	0.000804061987281875	3.64112225323742e-18	0.00449172139689087	0.00765638603060673	0.0359095944839699	0.014884171316129	0.0119678708913501	6.94788074036762e-18
Adipocytes	1.4922401178452e-19	3.90960412953413e-19	2.05287384552682e-19	7.83826897821703e-20	0	4.47320238740346e-19	2.62994847150195e-19	7.36672514980316e-19	4.21788668522035e-19	0	0	0	6.4317117388708e-19	7.27266803921185e-19	1.92586917446387e-18
Astrocytes	0	0	1.82197396804628e-17	0	5.98077792400613e-18	0	0	0	1.3547433833067e-18	1.29755482085492e-17	0	0	0	0	8.37835380601859e-18
B_cells	0.0248346004849482	0.0641475075655545	0.0309116742861624	0.0112151918954288	0.0144501523331363	0.0311137466656883	0.0639554450147066	0.0526558207694662	0.0021312309016377	0	0.117536958138393	0.0299180893594832	0.113486070296955	0.0290550602549023	0.0119831195925178
Basophils	0.0372315302192449	0.107233781949942	0	0.140176953037007	0.176333191194961	0.112124531043838	0	0.0876733935965678	0.0915106609953539	0	0.0261033929426194	0.086781955505442	0.0538809555293572	0.152190310698765	0.159170176770856
CD4_memory_T_cells	0	0.00238464452774254	5.33896406616838e-21	3.1854437529101e-19	4.00787347027788e-18	7.6352005748857e-19	1.3651194416005e-18	0	1.10940595893979e-18	0	0	0.0039060275458991	1.9178102322912e-20	1.55181336077952e-19	0
CD4_naive_T_cells	6.22761047177141e-18	6.52771358169974e-18	1.40254767218426e-18	9.04883303820256e-19	0	2.43418951391296e-18	0	2.29990393242727e-18	0	0	6.90976218658403e-18	3.38980571920747e-18	8.34076473896056e-18	0	1.60659243519599e-17
CD4_T_cells	0	0	0	0	7.07135277684808e-18	4.29790035869524e-18	0	4.98866589336539e-18	5.4914340278729e-19	0	0	0	7.7729077688544e-19	0	0
CD4_Tcm	0.00193196558813991	0.0472209127971287	0	2.1510363948451e-18	0.0369553212760634	6.56157957315303e-18	0.0159013522801426	0.0233248990262874	0.057261424509321	7.52088213545106e-18	1.8329745005807e-18	0.0113563473830444	1.8672681853227e-20	0.000486707752582098	0.019718849160189
CD4_Tem	0	0.0437510375948577	0.0184062098556322	4.39440409208382e-18	0.0235983671224955	0.00578884520805924	0	0.0142424964385186	0.0298043386565837	6.46947505617657e-19	4.23029626092634e-18	0.0209903670910204	0.0119298139311354	7.60919431772192e-18	3.47868331175598e-19
CD8_naive_T_cells	0	0.0324727202570992	5.78710336948706e-19	0.00193330605558925	0.00265449897244858	0	0.0193679543415137	0	0.0113730875641298	1.98461186230093e-19	0.0282040061423132	1.34254812882021e-18	0.00388949307746133	0.00246508681064706	0.0122651521547117
CD8_T_cells	8.26176555938767e-18	0	3.14021043556966e-18	3.25487355000991e-19	0	8.08190164240495e-18	3.43604755327534e-18	0	0.0135478276794642	3.48222922217421e-18	0	4.3019925917273e-19	8.4339149420586e-19	1.11919801028734e-17	0
CD8_Tcm	0	0	0	0	0	2.14606497182059e-17	0	9.96632221577621e-18	0	0	0	0	0	3.91770737890344e-18	0
CD8_Tem	0.0043750464026048	0.0198985604041482	0.0207510131660029	0.0195859618787601	0	0	3.65947813851758e-18	2.96868052655596e-18	7.22206715978561e-19	0.00565666469372281	0.0143296509400412	0	6.32410865216575e-20	1.46661121491701e-17	0
cDC	0	0	0.0813311851026026	2.16915342371722e-18	4.39206254111494e-19	0.0174851777366235	0.0160936971361477	0	0	0.154236267255321	0.0282450555875706	1.81520569194476e-19	0.0265305422688583	0.00677866859789763	0.069573857312349
Chondrocytes	0	0	0.00288028268345942	0	1.33861854805946e-17	0	0	0	5.39119985534762e-18	2.32070121458968e-18	0	0	9.26591381157159e-18	2.00191460694206e-17	9.36731553030955e-19
Class_switched_memory_B_cells	0	0	1.75570831516886e-18	0.0092564039796756	0.0306830312398494	0	0.0967745230168128	0	0.0245690825945429	0	0.0400926937361013	0	0.02156383604749	0.00153552874046272	0
CLP	2.6812494836266e-18	2.66191484235911e-21	0.00295243118985703	1.55758704652075e-18	3.09200979884043e-18	0.00562150166093787	0	0	0	0	4.6649312085678e-20	4.16023689206491e-20	0.00134839181044121	0	2.26434900262192e-19
CMP	7.37207131401184e-18	0.017985051947097	6.61562514975978e-20	0	1.06313052949064e-20	0.01385156028055	1.71533207899609e-22	4.65214369499774e-19	0	1.38478285147118e-18	0.0345512245980518	1.60670356108142e-18	0	0.00888960040140502	0.0149836895236644
DC	0	1.28084373127236e-20	0.00106247905817081	0	0.00152279217381826	1.7164224883907e-05	3.41447895221751e-19	0.00470134694673148	1.12137824003315e-20	0	0	6.40711323314206e-21	0.00301186827971437	0	5.60675664490446e-21
Endothelial_cells	0.00134195929594114	0.00733752308728064	5.00887777572465e-20	0.0531021403411375	0.00398221807252414	0.0051452022604615	0.0438295103019329	0.00454789720171018	0.00117421567238864	0.0393508804977972	0	0.0014779305781454	6.17215652633728e-19	0.0100924323689646	3.26086854744913e-19
Eosinophils	0.00751232314165425	0.00986268467302833	0.0104531871602558	1.83207452226433e-18	0.0472359191538166	0.018285972828733	0	0.0540712000645411	0.0251683168938584	0.0329053671726171	0.00786367345763172	0.020931209372485	0.0127102772683983	3.07182521214389e-19	0.0469316903352563
Epithelial_cells	0.00050032874490997	5.69362024071111e-21	0	7.16164232214738e-22	0.00609215925058859	3.91906990230232e-20	0.00115207022664216	0	0.00312715027286627	0	0	9.95250750687115e-05	0	0	4.38231023206286e-19
Erythrocytes	3.08895175195184e-19	0	0.00181211517496274	0	0.0171032527184597	0.00116362846411939	0	0.00309693605513353	3.48488740983141e-19	0.00820478252963857	0.0102702046164651	0.00123719273209226	0.000417621458793013	0.00325876997429609	0.0113473271868293
Fibroblasts	0	8.5620303604313e-19	0.0313573551437707	9.94828760387313e-19	1.48175112218856e-17	3.61873225393699e-18	0	0	0	0.0961980525510631	0.00396759159770582	7.34305528103081e-18	3.59671948560614e-18	0	0
GMP	0.116436785713001	0.0268032784785474	0.0100787917612267	1.25209195176597e-17	0.0656634503558873	0.0234214229102576	0	0.0832918373132577	1.34178193320226e-17	0.00923220971517777	0.023418301063172	0.0662870044602029	0.0187583997614114	0.027938157046505	4.30079830972792e-18
Hepatocytes	1.97379476831528e-18	0	0	0.00237200007004809	2.06695620600376e-18	1.56270609107893e-20	0	0	0	1.40673909296703e-19	0.00103026100174937	0	4.66986886750135e-19	0	0.000919612754016503
HSC	0.0389855990218838	0.0231777120555025	0.0104059115286264	0.0283587945956281	0.00225322525537013	0.0461372115365703	0.0536485266955785	0.0767265813496366	0.0349751982191892	3.42810547057099e-18	0.0713712131971607	0.0233182488727874	0.00864225282967911	0.043223408741858	0.109262909642748
iDC	0.0794850790386888	0.0138159795136763	0.01135715545046	0	0.120051833534384	0.0181414473565779	0.062991636779064	0.181493589258755	0.0222247383651896	0.0689288221584586	0.0199249212125458	0.0584960042606881	0.143360326456377	0.0620015316803624	0.0396242920570582
Keratinocytes	0	0	0	0	0.00081079879765671	5.55560955136797e-19	0.000337457170681504	0	0	0	0	0	0	1.90876018994487e-18	0
ly_Endothelial_cells	0.00223635245634127	0.0039030832470255	0.00501626074715183	0.0224113391731279	0.00184897900160725	0	3.07260182392734e-05	0.00358261701749225	3.71001773980379e-19	0.0154533624537377	0	2.08002111659411e-20	0	0.00296042275357928	2.16299461531167e-19
Macrophages	0	0	0	0.00875453862407528	1.5712167285376e-20	0	1.25974743981247e-19	2.66101236318366e-18	9.22753908699951e-20	0.000704787522553743	2.79050723669922e-19	0	0.00333222577666312	1.5847764434901e-18	9.01991468400152e-18
Macrophages_M1	0	0	0.000193249487726447	0.0122278837139481	0.00233663614802058	0.00976640316216501	7.67436131915946e-19	0.00219524973998809	4.41185076545236e-19	0	0	3.59688251919941e-18	0.00114994878557516	1.19414496016924e-19	1.71224956652807e-18
Macrophages_M2	0.0156842375156661	0.00998450821440458	0.0182004320680814	0.0556754946889104	0.0226984140546178	1.00490533110996e-18	0.0108248385482944	0	0.00218742726659575	0.00531137991314583	0.00135269444812463	0.00567614397424004	0.00149533126712463	2.08035282216282e-19	0.000972038152500539
Mast_cells	0.00735505686876543	0.0120144970316702	3.53076546036092e-19	0	0.0174454668136879	0.0163111094594845	0	0.00384607865104243	0.0102977075266304	0	0.00577483946931278	0.0109041853057409	0.00637794411613879	0.00635833523298775	0.0069518529216411
Megakaryocytes	0.0424452705540017	0.0203273453842654	0.0301965856533016	0.034623544965089	0.0537503669157831	4.9215860486347e-20	9.89917216998391e-21	0.020786943592319	0.0605530480619325	0	0.0182452895736114	0.0296649845673176	0.0146149985753042	8.47923219847004e-20	0.0028902046742804
Melanocytes	2.16369752850444e-19	0.000239303645336381	3.43823940818431e-18	0.000781689148512111	0.00341921770646414	0	0.000819281164661433	0.00126607559188424	0	0.00780403879178136	0	0.000254254801087448	0	0.000929644189216572	4.79538698400155e-19
Memory_B_cells	9.4637468992086e-18	0.00388614419222222	0.00954740534687606	7.14718850099188e-19	0	5.06832132651535e-20	1.545455556487e-18	0.0197668317629611	3.2921563719939e-18	0	0.0223829558731846	0.00225622391059081	0.0397555729822443	0.00412582861983222	4.4268855014903e-18
MEP	0.0174633980887564	0.0158275299705344	0.0324938402064151	0	4.02728820503605e-18	0.032467570288713	0	0.0331218901192578	0.0168025816309375	0.0118767719983161	0.0551098729214672	0.0552376269106313	0.031630987294866	5.58073170974644e-19	0.0325551743258789
Mesangial_cells	3.70327588824065e-18	1.2739088468008e-19	2.7730945039745e-18	2.00541454024803e-17	4.64011472199185e-19	4.90673529460343e-19	0	0.000506766325483049	5.74643410745236e-19	0	0.0144970728516906	0	6.19092272521491e-18	0.00737701893881513	0
Monocytes	0.0141736338266412	0	0	0	0	3.67155194204871e-18	1.54297038499767e-19	5.65553435433331e-18	0.00733358387991711	0.00691866058790029	4.77126192032289e-18	1.62307386514319e-18	0	6.02539717261484e-19	1.61910768779635e-17
MPP	1.34684070225864e-19	0.0166519308635136	0.0158134691068323	5.65539417032595e-18	3.19699277621924e-18	4.24530499579268e-18	0	3.34165376893947e-20	7.34073513131449e-18	7.864276680776e-20	0.00410260430584177	0	0.00378494997959341	3.43554292645355e-19	0
MSC	0.162535490795268	0.0570598001897664	0	0.0423694700652943	0.185320119156464	0.142043799970617	0.171642556608405	0.114578902397847	0.017761281572901	0.114168186212655	0	0.0517514683642009	0.125101925384941	0.160842931238038	0
mv_Endothelial_cells	0.00676863829107531	0.00990020112684601	0.00204445708583802	0.00890231408999619	0	0.0150495955596134	0.000440208646480512	0	1.10116393091599e-18	0.0191752394368734	0	0	9.57489973287408e-19	0.0106355307861457	0
Myocytes	2.4219188968092e-19	1.67097902971085e-19	0.000840065577132303	0.035603710841892	0.0283726257782559	4.51084740009402e-19	0	0.00176935452969839	0	0.0257917246919969	2.04953808279887e-20	2.30570083317571e-18	0.00247267630169595	1.12439637633851e-18	0.00265741282944706
naive_B_cells	2.50815313492238e-18	0.00194579154407434	0	0	2.21956918238525e-20	2.38421327661005e-19	1.63346099846105e-18	0.013853208361773	0	2.55864780121045e-19	0.0194256081084587	0.00338891064569257	0.0127103257678088	0.0101949337149577	3.16308652659581e-20
Neurons	0	2.24597128904893e-20	3.94484979925849e-21	0.00100612986545517	1.27464059770021e-20	6.11777340980167e-05	0.00129897107509282	3.66086561525086e-05	0	0.000150549848956801	0	1.65469018415887e-20	3.64376153093336e-20	0	0
Neutrophils	0.00592778268880088	0.00587158796533148	0.00174172936334809	0	0.0150988749892606	0	0	0	0.0533379946067543	0	0.0064450083392886	1.81921561136737e-19	3.91451837070729e-19	0.00822533866282096	0.020694861850648
NK_cells	9.85509955762716e-20	0.0328016755748732	0.00402334929524527	0.0172565311166189	1.90795115311388e-18	8.80906170307239e-20	0.0302933336954974	0.00257409179671506	0.000196067168276474	0.0641580554076704	0.0144493022636391	0.0377627311875006	0.0124204115565632	8.73885140491365e-18	2.63306322502664e-18
NKT	0.164746458280482	0.0356966425006895	0.0753302744101434	0	0	0.14053157190148	0.0386819733373467	0.00306363086403755	0.0440338752635689	0.0481513239123662	0.10545085724198	0.071748541782487	0.0816735452556232	0.199522337551443	0.0685606152654812
Osteoblast	0	0.0545933865064007	0.128532770202383	0.000851250786015742	0.0100856945713086	0.0093093912420125	0.0085071225772967	0	0	0	0.0466232817795137	0	0.0186784369577958	0.0570900895865119	0.0332983199281937
pDC	1.92082777723198e-18	0.00408126086417842	0.00571174728721556	2.19988501072049e-18	0.00343102478496848	0.0166984101016427	0.00564964719533078	0	0.0085405110749129	3.47712993453556e-05	3.89559833684018e-19	0.00643024739071133	0	0	2.01529855895035e-18
Pericytes	0	0.0264621259746356	0.17872138312176	0.249032912422153	1.08717187060787e-17	0.0640330451505283	2.63849865300696e-17	1.24535897455445e-17	0.0376034356417213	0.00414600397838314	0.0199526884835057	1.98432274362311e-18	1.4227867787008e-17	3.70252594170255e-18	0.0242885025862991
Plasma_cells	0.0267178936098852	0.0397557892159714	0	0.0573672485625041	0	0.0214491040666019	0.0195879619004714	0.0178357270415924	0.000981402408074246	0	0.013374191227584	0.0133041532887257	0.0244350939887576	0.00905166188337381	0.0183917570580928
Platelets	0.06576182593955	0.0288770678679895	0.0115741911813403	0.0128522938295277	0.0668298347626635	0.00314412606552898	0.00897108320568064	0.0176311071161738	0.127822590991709	4.83768527205733e-18	0.00512393695848062	0.0666824318254767	0.002579600664524	0	0
Preadipocytes	1.32830867314716e-17	0.0131794871176042	0.0273696725328595	0	0.039972533865438	0	0	0.00849403557426313	0.060021334894028	0	0.0113986508693013	0.116920974311825	3.11763158247433e-18	0.00622237698609344	1.15934064420158e-17
pro_B_cells	4.52262430560424e-19	0.0118946108290143	0.00183562915231069	0	1.73416412618889e-19	0	0.00372882965402604	0.0105975332724498	8.52112293823496e-18	7.24797778802233e-19	0	0.0180151537143701	0.0210673025811081	3.59989093860039e-18	0.00793458111429282
Sebocytes	0	0	1.95126415720593e-19	0	7.34723976222182e-20	0	0	6.48535554140431e-20	5.0551517018133e-19	0	1.11016218631691e-19	0	6.90237608082092e-20	0	0
Skeletal_muscle	3.98057689785255e-18	1.18825375404231e-18	0	0.00486700529711056	1.03998551880678e-18	0	5.66919855479108e-18	1.46711934695979e-19	0	0.00294468191786398	0	1.30762207486955e-19	0	4.43764951194594e-19	2.58078710385728e-18
Smooth_muscle	0.0765954472696985	0.0690458515082319	0.13402296711279	0	3.14557315352885e-17	5.48183208278564e-18	0.161749521044871	0.0798648112547914	0.167580136069321	0.158637078192847	0.0726878945330336	0.0796203327366875	0.0972181224328721	0.111617505956011	0.131489686492784
Tgd_cells	0.0223175758207834	0.0435344906787874	0.0324986638603059	0	2.7049446443264e-18	0.0551952996781105	0	0.0381176822186225	0.068079749618194	0.0396873047032524	0.0522508954890696	0.0486915984987844	0.0159377294277173	0.039665629986348	0.0204802029746044
Th1_cells	0.0376875686205171	0.0509358596738334	2.33584598319212e-19	0.0455676878145743	0	0.0459201174475879	0	0.019880794107569	3.20064999399573e-18	4.09005710594994e-18	0.000620366672510258	0	0.0433023609631994	0.00470856025007443	5.64500696534965e-18
Th2_cells	0.00840874080788382	0.0154386334611948	0	0.0796165950683732	0	0.0046846731737923	0.146633258458578	3.14874714461383e-20	0	0.0556813111596679	0.0631223961573069	0	0	0	0.092125777242598
Tregs	0.0105394109148674	0	0	6.1423431132766e-18	0	0.00315893562867991	0.00165944286840928	0	3.2718494867567e-18	6.06167083053325e-18	0.0130440581709675	0.0209805400636008	0.00584648960768281	0.000588719703752604	0.0409283360930611
