Mixture	Utest1_RPKM	Utest10_RPKM	Utest2_RPKM	Utest3_RPKM	Utest4_RPKM	Utest5_RPKM	Utest6_RPKM	Utest7_RPKM	Utest8_RPKM	Utest9_RPKM	ctrl1_RPKM	ctrl10_RPKM	ctrl2_RPKM	ctrl3_RPKM	ctrl4_RPKM	ctrl5_RPKM	ctrl6_RPKM	ctrl7_RPKM	ctrl8_RPKM	ctrl9_RPKM
aDC	0	0.10417305431475	1.77289727188858e-18	1.33355480996605e-18	0.0362327421963118	0.0215697048483619	0.0328726901694895	2.96062614620642e-19	0	0.186018813277212	0	1.96483322831546e-19	1.29647376911804e-18	5.22811587779125e-19	0.0299862464226645	0.0149210923345109	0	0.0511172541696387	0.0565781305302327	0.0253149611641205
Adipocytes	1.19156128262575e-19	0	0	1.7877121491748e-19	2.06475881384517e-19	0.00298248476060521	0	7.33913482739355e-19	4.47292807746606e-19	0	0	0	0	0	0	2.51945968149245e-18	1.61394376469542e-18	0	0.000670605157237597	0
Astrocytes	1.94044821838898e-17	1.19927442363197e-18	0	6.92921129146775e-20	0.0281860656789635	0.00948082636098021	0.0362477089900995	3.89658110670376e-18	2.19552087097192e-17	8.65437928967282e-18	5.45865253130104e-18	4.30485269649367e-19	0	2.91231984383711e-18	7.18894928358314e-18	3.21142420990622e-18	6.29149449860394e-18	4.45490066743982e-18	0.0251022815920101	0
B_cells	2.5144456382083e-19	1.55232462307764e-19	0.0115002412111735	0.00186729039158972	0.00740461174525499	0.0125708887236948	0.0172288427934908	0	0	0	3.96674966986426e-20	0	0.000654401897883162	0	0.0217844785531533	0	0.0208272813560274	0.00301895847069748	0	0
Basophils	0.0354332200993228	0.0681340378184629	0.0261877259036938	0.104400072317831	0.0933284763185827	0.0734907996527643	0.053980424174223	0.0196610642820589	5.82055094658271e-18	0.0386614498883993	1.74430809854061e-18	0.0963525406604337	0.0306085933936024	0.0308302832362062	0.0305975179319695	0.104568143700996	3.69720744487548e-19	0.120997740575984	0.158621222532211	0.0587866758611934
CD4_memory_T_cells	0.0531767533139683	0	0.0557307887400496	0	0	1.64477837168849e-20	0	0.0491430824416474	0.0726539409082656	0.0294406396238359	0.0683839100373032	0	0.0851415014156785	0.0200728246608325	1.41578163516477e-19	0.0357036483425479	0.0381170944839302	0.00517597379335575	1.34170865199844e-19	0.0300845224824885
CD4_naive_T_cells	1.34171077467928e-18	5.35923093596381e-19	0	6.71058332623146e-18	0	0	0	1.19878971356012e-18	0	0	0	1.95277657945628e-18	0	2.92391768337206e-18	2.22286943344367e-18	0	1.81298275500741e-18	0	0	0
CD4_T_cells	1.34077697077429e-18	0	0	0	0	1.66220333672211e-18	0	1.62809201356094e-18	1.06785938335037e-18	1.29761482862409e-18	0.00191132252893143	0	0	6.75869085900381e-18	0	3.37106414849542e-18	6.21370558513789e-20	6.52628332220327e-18	0	8.22273287599894e-18
CD4_Tcm	0	0	0.00527145278405385	0	0	0.000115666537158246	0.00170121318854106	4.00036116433403e-19	3.82951569920681e-18	0	0	0.0201178300308161	0	0	1.35755964587037e-18	0	0	8.55532248822252e-21	6.39922116377745e-21	0.00412378217604938
CD4_Tem	0	0	0.00493688049184222	0.0253203148267769	0	0	5.16482948296944e-19	3.57218166918641e-18	0	1.4013178297681e-19	0	8.52558257243081e-19	0.0114645807153596	0.00159809856841264	0	0	0	4.24951813416153e-18	2.82366063634247e-18	0.0121620153270502
CD8_naive_T_cells	0.0050817903109698	9.08590841627713e-19	0.00349908790617983	1.07144700638746e-18	0	0.00486664905220835	1.11945305748847e-18	2.97233010651721e-20	0.00610820122555581	0	0.0158456721875429	8.3776827875913e-05	0.0028602267227635	0.00263917564893629	2.92335757677178e-19	1.07820766139278e-22	0.00502437493633526	0	0	0.00604028754728562
CD8_T_cells	1.72337762363326e-18	2.03575360789305e-19	0	6.10077146737591e-18	0	0	0	0	0	2.91261495280436e-18	0.0101896387853511	0	0.00211079760543803	0	3.5272211036352e-18	0	0.00977211697035294	1.56334282939131e-18	0	4.00654864019924e-19
CD8_Tcm	0	0	4.9142942016468e-20	7.18140749958098e-18	0	2.59529771737718e-18	0	0	3.49316375787218e-18	0	0.00308048790529264	0	0	1.48772939935713e-17	1.34700557629162e-17	0	2.53910723714353e-18	0	1.68027923026074e-17	3.44308515049589e-18
CD8_Tem	0	0	0.00190057595959343	6.52218854920436e-19	0	1.14700810347929e-18	5.68175018592296e-18	0	5.11411751241973e-18	0	7.08096808601556e-19	3.44086643831713e-18	5.23293935257564e-19	0	3.38204983786632e-18	1.35527648352833e-17	0	0	0	0
cDC	0.015290807332317	0.0298521055331659	0	0.0316297910291803	0.0180423865072186	0.0772704647590079	0.00805138870452731	0.00990186905361222	0	0.02713242348045	0.00574408601098597	0.0251871796477332	0.000413867971604171	0	0.0036967000985583	0.0359648113322796	0	0.00828678493928567	0.0634553975777535	0
Chondrocytes	0	0	0	0	3.91933491424854e-19	0.00478962202632651	0.000120015089700373	0	0	0	0	0.00525508685957564	0	0	0	0	4.15959662752584e-18	0	0.00242224268673569	1.48926664025494e-19
Class_switched_memory_B_cells	0	0.027500493267418	0.0374906716562081	0.0146759943203902	0.0382659828886036	0	0.0252956146256762	0.00633449172960717	0.0465670462232221	0.0127446764158906	0.026879768266997	0.0255433557890712	0.0220150626958606	0.0192936898934082	0.0733387667307187	0.0286655931272198	0.0381935146497345	0.0454311210174717	0.0144886310320567	0.0324510794459941
CLP	0.0856266953749968	0.0171103339356894	0.0467238030358169	0.0197166427293445	1.71658348437346e-20	0.00350575219949868	4.30076913664641e-19	0.103261265650181	0.091916378900885	0.0133082538096465	0.0866619229987134	0.00630714026591961	0.130068182377448	0.0837658522654087	0.0122764674644083	0.0387781128729055	0.0449400212240953	0.0782425595477199	0	0.0426562479280202
CMP	2.67722404223906e-18	0.0116004461614419	0.00408741337051021	0.00681068936852834	0.0322206047780819	0.0118000722454165	0.0101077549565797	1.02447872386152e-18	9.17007216726614e-18	0	0	0.00953613459007939	0	0.00568482691269974	0.0187487038064137	0	0.0128054389867209	0.000296156118813255	0.0200391015613354	0.00368068304876098
DC	4.50871649080096e-19	0.0152502856959456	6.2952938934436e-20	0.00115970102301379	0.00550042678065985	0.0207694544421038	0.00523766473853255	0	0	0.0162656240578492	0	0.00756921519829187	4.97065376714979e-19	0	0.00237245443431202	0.00606738551608969	0	0.000449941263204541	0.017374389069108	1.14890305650752e-19
Endothelial_cells	0.000793422269953163	0.00546014435479114	0	0.00842248164116304	0.0177845861880291	0.0241299422951279	0.0273663231584541	0	0	0	0	0.0145348264714954	0	0.00919842767559115	0.0043138829924628	0.0122322345124206	0.00503822147641468	0.0168899963898705	0.0205431456324784	0.0208496276193137
Eosinophils	0.00448004694158783	0.0107032210763412	0.00157420255644768	0.00200902480384348	0.0334278356042281	0.013843514535807	0.0346978424053671	9.13538055817682e-19	0	7.07119364521048e-19	3.84059702017888e-19	0.00545705599176887	0	0.0116593640360484	0.010513211749291	0	0.00289889082224346	0.00142162829051684	0.0248827662796564	0.0136616235899738
Epithelial_cells	0	5.48006112720283e-21	8.06305820348411e-19	6.80212195199187e-19	2.28779313816609e-19	5.01338170172812e-19	1.90325112636674e-20	1.30773316215448e-18	0	0	0	0	9.530246101727e-19	0	4.45470766812466e-20	0	0.00513507953210144	1.6767855828221e-20	3.12406108712285e-18	0
Erythrocytes	1.09595246120384e-19	4.58240654515205e-19	0	0.00517774202734758	8.38490814629172e-05	0.00438040411549424	0	0	0	1.82232136051258e-18	0	0.000148024257247125	1.91915373578259e-18	1.47318082486343e-20	0.0026104201332368	0	1.19840510278326e-05	1.01751695478851e-18	1.67157911821137e-19	3.76533106521649e-19
Fibroblasts	2.22097035784756e-17	0.0239746180114678	2.20769870336672e-17	6.448526268331e-19	4.62875990958302e-18	0	2.86561175951762e-18	1.9512444070759e-17	1.39904863870514e-17	7.36868039905725e-18	0	3.53773812133639e-18	2.77499190611033e-17	3.7390401040447e-18	5.4822994547949e-18	2.34082799048152e-17	9.10391103571572e-18	4.45116352325184e-18	0.00590837232917429	7.72986025774749e-18
GMP	0	2.52130386869488e-18	0	0.00594949992530347	0	8.89648536552284e-19	2.33950373211838e-18	8.80608666733865e-18	0	1.61823402472986e-17	8.52359790512255e-18	0	9.22155501449755e-19	0	0.000149043272051422	0	0.00752857716280997	1.6534609536433e-17	6.70311196412322e-18	0
Hepatocytes	5.84038619288092e-19	0.00187131314804768	0	0.000675238841677806	0.00234735034790679	0.00229787209903014	0.00196337882174309	0	5.3298313727815e-18	1.49857206532137e-18	6.9976015338138e-18	0	5.94478286809518e-18	5.31303480689514e-19	0.00163524443277612	0	1.36376041656792e-18	6.50433401795482e-19	0.00492119721450468	3.58019945735897e-18
HSC	0.0328730845086244	0.024410329885146	0	0.0742513829829459	0.110944730100285	0.0705994621556196	0.0422731325345156	0.115550576244287	1.97921095375222e-18	1.67383357738026e-18	5.66016180931432e-18	0.0782175708175464	0.00657984683832198	0.0832721930280734	0.0744950648681114	0.0572290954845986	0	0.0381778945839454	0.0514793195848994	0.0362424269134555
iDC	0.00925425906103247	0.167632983656239	0.00128033173876216	0.0961208229590269	0.0389192273137969	0.213817186274169	0.0733693876251527	0.019806030262037	2.90636943215634e-21	0.178526574627648	0.00566108148739452	0.214455056415039	1.87871703117571e-20	0.0248829114291251	0.055456821818337	0.0410202024084139	0	0.0570703466878255	0.0712399130976357	0
Keratinocytes	2.68872698823008e-19	2.59433317138606e-19	0	1.07290003779785e-18	0	1.41037793302233e-19	0	2.57211598402724e-20	0.000159372942942879	6.74699282217112e-20	0	1.36085609132198e-18	9.75926934261419e-20	0	0	2.1431170929468e-18	0.00152990970823329	1.79900469659629e-18	0	1.15781726205386e-18
ly_Endothelial_cells	0.000532939487210389	0.00939606731941629	0.00135176102918482	0.00277721195335245	0.0133390508733618	0.0126023537925152	0.0224551518224192	8.93716840826641e-20	0	0	1.49059974737304e-18	0.0177635641333445	1.17516136814159e-19	0.0082036143570327	0.00177446418381174	0.00664550140122563	0.00626452067623295	0.00341451176715106	0.024694968492886	0.0108625559706937
Macrophages	2.75454769146002e-19	0.0228704718096086	1.7823862986742e-19	0	0	2.91829817473973e-21	1.14119865542363e-19	0.00273988842230506	9.29065222221548e-18	0.0623573979056684	0	0	0	0	0.00368706433832415	0	0.00292496216663336	0	0.00137405876487237	0.0126179068132117
Macrophages_M1	5.5832554816281e-19	0.0233914324411477	0	4.5398500461141e-20	0	5.65505119807559e-19	0.00106271257771686	0	4.0206620368952e-19	0.0560992834005067	1.26609038118919e-18	2.99901635025436e-19	4.91793180312606e-19	8.33986395317046e-19	0.00547613705233918	0	0	3.73919887470675e-20	0.0100325172051007	0.0126049611160554
Macrophages_M2	0.0091330942053276	0.00897671081925208	0.00529503791298027	0.00226387270690186	0.0142398150990911	0.00993669643483377	0.0194247765189641	0.0138448625846833	0	0.0183622770487432	0	0.000725925243568286	0	2.47511891232619e-19	0.0130882934188984	9.90817281363638e-05	0.0119722596029044	0.00888000939427178	0.0103472968874103	0.00546152807456016
Mast_cells	0.00150389964441874	0.00116265451868525	0.00197741889837861	0.00882832271574531	0	0	1.06885275980165e-05	0.000291603323591206	1.53158932705707e-18	0.00397923350592897	0.000891902156080391	0.000423639553757545	0	0.00137369030894209	0	0.000281873985052332	0.00456882390356887	0.000897047458263644	0.000374477579658406	0.000819905264498787
Megakaryocytes	0	0	0.000425221990704098	0	0	0	4.31236085929221e-20	0	0	0	0.000126031653835877	0.00220523979812834	0	0.00209391514828111	2.66696693369855e-19	0	0	0	0.000767459477314053	4.17166314803567e-20
Melanocytes	5.2055259588536e-18	0.00405628488094912	0	0.00390757132892411	0.0125776758493887	0.00586818624919134	0.00532697811560439	0	0	0	2.70373946019565e-19	0.00180402047152914	0	7.37138261686967e-19	0.00120266806594075	0	0	0.00324296956841236	0.00815452961114387	0.00528031895500328
Memory_B_cells	0	0	0.00278449006454551	0.024520952509441	0.0233746721831897	0.0340240762995005	0.0285828950353071	1.51951612031242e-18	0	6.69324043346542e-20	0	0.0191338266732409	7.58359309023256e-19	7.95216930303198e-05	0.016307589811528	2.30922618267788e-17	0.0200011998438639	0.00150977696128002	0.0174219798370441	0
MEP	0.0133039474805898	1.4670881987272e-18	0.0186567209365542	0.0100089766519045	0.00289137368799974	0.00551208435961064	0	0.0139388089138043	8.73122325206899e-19	0	0.00304286090527858	0	1.95382012850663e-17	0.00924125201810004	0.0126944756820487	0.00135350233442353	0.0102380690051069	0.00427846652870072	8.94145809796284e-19	0.0114496412955227
Mesangial_cells	0.00752919997053554	0.0181229893343969	0.00559157972029567	0.0105058292119046	0.0112061124113954	0	0.0185951849508098	4.26008603555193e-20	0	2.52022434676894e-19	0	0.00114483105834004	0	0.00978547873873366	0.0188887475012857	0.00458655704166267	0	0.0097229731592723	0.00993311412542069	0.00437822735901247
Monocytes	1.5903217349491e-18	0	0	0	1.48949565168646e-18	0.00944267875799466	1.91901536411386e-19	0	0	0.0105046775488118	1.05679240857523e-18	0	0	0	0	9.86834976589121e-20	0.000937067744668287	1.83228926006618e-18	1.65372573672855e-17	2.5373016685786e-18
MPP	3.14848414959791e-18	0.0163732106341483	2.02091826407086e-19	0	0.011341829177826	0	0.0122048667904346	0	1.64373375554612e-18	0	0	0.00777780885470424	6.51568141415251e-19	0	0.0209755821039038	0.00155986301664088	0.00680523079441396	0	0	0.00199466655688118
MSC	1.08328632897955e-17	0.0459556277668112	8.62208565968753e-18	0.0802636439455216	0.0957280496487581	0.0452755239954193	0.10805163794115	4.5230983432715e-17	5.16323316902411e-17	1.95796268085096e-17	3.83229540310667e-17	0.0601481071921787	5.15984214085134e-17	0	9.66978003221397e-21	2.6193437248909e-17	1.77435089741771e-17	0.0162575657106014	0.0546207138211621	0.0930360420096414
mv_Endothelial_cells	0	0.00309170804541383	0.00386406673803565	0.00838100716938571	0.0146758009055315	0.00557559033385952	0.0232567796279554	2.1258867486882e-18	2.45723891606529e-18	0	0	0.0174748988114299	0	0.00826931636964238	0.00615762833262565	0.00852736510138333	0.00744978727707669	0.0128802447217373	0.00839410932131711	0.0180467790179494
Myocytes	0	0.00146161190676818	0.00174968177131436	0	0.0117692173248209	0.010363520940342	0.0148994054144722	0.000766147066287455	1.7994201907782e-18	4.66952554556344e-19	0	0.0117412913297328	0	0.0156482399338808	0	1.06409503026117e-19	0.00547155174645438	0.000931735004969621	0.0123992255386092	0.00375498505544751
naive_B_cells	0	0	0	5.80005660042741e-18	0	0	1.90304808914928e-18	0	0	1.64684376971384e-18	0	0	0	2.94137116729598e-18	2.77976677109244e-18	5.78840868128665e-18	2.70683109774009e-18	2.96483104670844e-18	0	2.56668620858534e-18
Neurons	3.42906769553785e-05	0.00672385389018017	4.17900784331338e-05	0.00137670448666587	0.0113107329295126	0.00656638697599759	0.00435603471666323	0.000200508499516239	0.00022499765620669	0	0.000254056279945516	0.00927012591066486	0.000206269694461481	0.00126939528831614	0.00475039878486988	0.000383219874809814	0.000285261709645855	0.00697643605353888	0.0104627254225147	0.00587263162513004
Neutrophils	1.23048957268651e-05	0.023981506439827	0.0016283351703064	0.00241144336386802	6.94373776257712e-20	0.00405593316814709	0	0.00802439452248451	0.00455646871657231	0.023370465397686	0.00262771535029084	0	0	0.00448786457250033	0.00121811729107707	0	0.00136655743248394	0	0.00304505530059767	0
NK_cells	0	2.32756932999499e-20	0	6.27097646616239e-18	4.83423514077174e-19	0	0	0	3.02512405568622e-18	0	3.73887812788899e-19	3.45346627064224e-20	2.2735165510254e-18	0	1.4417903587477e-18	0	5.23604389778612e-18	0	2.26652489351975e-19	3.56906525017564e-18
NKT	0.000743157421195019	0.113284876885102	0.00922288192953941	0.0867533524542306	0.0997053760048549	0.0420326892192701	0.156556253939273	0.00812278892239096	0.0610587641083957	0.0193336843894596	5.24410499260663e-18	0.105489310102451	0	0.0728821848065709	0.195998445044757	0.00868750331578937	0.0361195995116918	0.12544734463634	0.0790166424206867	0.0799740545606165
Osteoblast	0.0164546079359393	0	0	4.46555189614079e-18	0	0	0	0.000546594616032284	2.44918399175389e-17	0	5.20696494533714e-18	0	0	0	1.49102887860506e-18	0	8.21898185266345e-18	6.5238017946475e-18	0	0
pDC	0	0.0174962321505144	0.00816595031611823	0.00819002204025059	0.0144867814115112	0.0449628025031856	0.0132842612394383	0.0161345751792859	0.000729454694740044	0	0	0	0.00355527764753224	4.38636430550993e-19	0.016810492901418	0.0110627411837964	0.0217469709105481	0.0216262891915426	0.0116288692711725	0.00403801452100354
Pericytes	1.32434739270525e-17	0.0339714746779581	1.5775081676811e-19	0.0217969603552391	0.0374125230487648	0.035600610629111	0.0462192067462628	0	0	0	0	4.08987369880828e-18	5.89118663026593e-17	1.9730133679402e-17	0.0384053988971258	0	9.43630715385586e-18	2.66968635894838e-17	0.0453580667426646	1.07613441923187e-17
Plasma_cells	0	0	0.00546604171784708	0.00495521421901032	0	0.00208119905215856	0.00992504557864667	0.000322005180012664	9.72922921779105e-20	3.73072692788404e-22	1.14720159086903e-19	0	6.47131817190703e-19	0.00170965940192672	0.00676300305732992	4.08146627474526e-19	1.45436250154178e-18	6.88118159175129e-18	1.10108821003549e-18	5.60676852574167e-19
Platelets	0	0	0	2.15061269732899e-18	5.83734275162272e-18	4.20943632980142e-19	2.53716486075407e-18	4.80601472298538e-18	3.00721349493435e-18	8.38898980773445e-19	5.68282152729458e-18	8.3576450659778e-19	8.84156789353443e-21	4.19131654858638e-18	0	0	1.20465797979993e-18	0	0	0
Preadipocytes	0.00341091622802605	0.0349325588722256	0.00058194274424691	0.0374970313059979	0	0	0.0056231940037342	0	2.77062680056312e-18	1.43572246419572e-18	0	1.90084614411439e-17	6.18173237197755e-18	0.0434442257545447	8.81835230660582e-19	2.0642584298839e-18	0.0121573922355677	5.82786296177565e-19	0.00879645334283305	5.85358854229751e-18
pro_B_cells	0.0135259650184421	0.0292916048518885	0.0224124888056066	0.0256742911201241	0.0812244930616231	0.0549969402616742	0.0627928134919206	0.00140366502747029	0	0	0.00564180377623146	0.0752695103722126	0.0250276738436372	0.0388299808164008	0.0206841368265542	0.034961150279919	0.0207237098480728	0.0672190646398291	0.0641895558004698	0.0456022841670851
Sebocytes	8.84556084904451e-20	0	0	5.36372088643837e-20	0	0	1.29470720853784e-19	1.54821766383026e-19	5.78926566217078e-20	2.16046993505834e-20	4.39226843872288e-20	5.34875432160852e-21	0	1.02978888082147e-20	4.40152440322912e-19	0	0	4.49326268945636e-21	0	0
Skeletal_muscle	0	0.0185905839144697	6.53268148807397e-18	0.0158752718986574	0.0361460670599327	0.0245709800463531	0.0450084837644509	9.54178853249141e-18	0	0	3.84768278103863e-17	0.0316160531224287	1.09650160351569e-17	0	0.00783647151110128	5.94586755248471e-19	1.01301817966116e-17	0.0172939728454487	0.0414318499352525	0.00686274676541022
Smooth_muscle	0.641595445822398	0.0591951719823299	0.596198516022999	0.17075492012014	0	0.0444101149687111	0.00142018435547045	0.567511108165999	0.608868732421286	0.284832988295168	0.704477287559967	0.129247053549396	0.65107490357712	0.412306785330863	0.206957871314745	0.509590031537376	0.542641767782772	0.272845236510311	0.00996162745077513	0.339253992343852
Tgd_cells	6.67146171380617e-18	0	0	0	2.14218165844496e-17	2.20478692137378e-18	1.7050266784789e-18	0	0	2.49313598321321e-18	0	2.58619561058552e-18	0	0	0	0	5.97840078602934e-19	0	3.12016466710147e-18	3.51960411737988e-18
Th1_cells	0.0381260382012413	0	0.0529061356606362	0.0308784489770258	0	0.00351951927574428	0.015767678135735	2.18575978273671e-18	0	2.27952956094759e-18	0	0	0.0282188136032898	0.0602717890392677	1.66085668166588e-20	0.0371112895678025	7.89742676484168e-18	0	3.54043566595911e-18	0.0462545201788301
Th2_cells	0.012084113799221	2.1735321499238e-19	0.0614967631379422	0.0441922622777471	0.045881553793052	0.0153003596584333	0.0146623847298807	0.0424946699127054	0.107156642201927	0.0190615373270958	0.0585804521098576	0	1.29552435134251e-19	0.0172054390672245	0.0583479891718511	0	0.0965027624482663	0	0.0252475029895357	0.00578030524588872
Tregs	0	0	0	8.81552156513545e-19	0	0.0110209859945725	0	0	6.17218550585105e-18	7.1589035006491e-18	2.86189681914773e-18	0	0	2.23157798872477e-18	1.88135201138038e-18	5.26744127160251e-19	4.25266223312355e-18	0	0.00462048478452894	0
