Mixture	OV01	OV02	OV03	OV04	OV05	OV06	OV07	OV08	OV09	OV10	OV11	OV12	OV13	OV14	OV15	OV16	OV17	OV18	OV19	OV20	OV21	OV22	OV23	OV24	OV25	OV26	OV27	OV28	OV29	OV30
aDC	0.0719249545621926	0.0353500051816192	0.0199744997955795	0	0.00242078004444806	0.0253526700019757	0.0546354682466375	0	0.0247453740665955	0.0628483361720205	0.0423446446893905	3.50121244305036e-19	0.0169179494397604	2.31969310273599e-18	0.00810314227746008	5.53717825235298e-19	0.0336300606996599	0.0489522072813355	0.00314642985017682	0.0164245315274763	0.0752623963009019	0	0.121554856949153	0.0548368806579341	0.0984941869603727	0.0114690228912389	0.0298044065596601	0.00426414268510645	0	0.00200022647939148
Adipocytes	1.07340825069419e-20	0	3.6925795978311e-19	1.17884684369894e-19	0.00130125591420969	4.66980938949049e-20	0.000188917010629983	0	0	8.33294977084109e-22	2.69100441805074e-19	0	1.40842197548789e-20	0	2.36500063955399e-18	0	1.17125367606422e-19	0	4.51862861367572e-19	2.16218704459916e-19	0	0	0	0	0	0	4.51886643867552e-20	0.00140933716190285	1.54991368925483e-19	0.00335476333244014
Astrocytes	2.72550084548947e-18	0	0	0	6.54299486112633e-18	8.90699542587688e-18	0	0	0	0	2.8233763001678e-18	0	0	0	6.14646841007764e-18	1.17976732016071e-18	0	6.7063114274355e-18	1.25664293138919e-18	0	5.15956837266913e-18	8.17740525268342e-18	0	3.17718937981589e-18	0	0	1.36351511622228e-17	4.80816245567344e-18	2.0037156986417e-18	0
B_cells	0.0276472316677195	0.117905075227105	1.64959324161162e-18	0.150627834352451	0.086920362560187	0.0679206829771056	0.0213281639485147	0.119144917950209	0	0.0981672104890959	0.134861191263464	0.0204461172812999	0.15176153496959	0.107138178548378	9.77278046477861e-05	0.102657152932861	0.131860727998817	0.026835801815332	0.0351865905332951	0.0886841753250906	0	0.157654188263808	0.0991998627817618	0	0.0536975801117636	0.0843533355577674	0.00416916572788378	0.082211085486078	0.0369112856408336	0.0457060929793717
Basophils	0.205102657891884	0.166625833626043	0.0269059038648313	0.100052180497612	0.115766567444238	0.0238593855588366	0.156158641981648	0.203659827088161	0.168407338453045	0.0847011947753858	0.0204242005199103	0.252212023662998	0.166900808827923	0.135291336223026	2.97638873973009e-17	0.120821018404139	0.149550918874244	0.13813604762955	0.0966210118906949	0.166595539717637	0.0661119483117657	0.165207380546429	0.184158737790586	0.0358570172353063	0.147333706559263	0.124623028173399	0.00488458641422258	0.11843756727166	0.0527712280266169	0.23352669808156
CD4_memory_T_cells	0	2.66458237040164e-19	0	4.01779164590474e-20	0	0.00839203179574745	2.69521301525844e-19	0	8.52614259819278e-19	0	7.31952598598673e-19	3.30048159429983e-19	1.17742372679153e-19	1.8334296811881e-19	0	1.05748805258777e-19	6.19950951956036e-20	0	0	5.33956470951929e-19	1.91832287735451e-19	0	2.89273521631644e-20	1.60156441231827e-18	5.75042625275069e-19	0	1.00593153945031e-18	0	1.396119796157e-18	0
CD4_naive_T_cells	0	2.91687710953265e-19	0	0	3.6085887586652e-19	0	1.77493495242669e-17	0	0	0	5.57566496876373e-18	8.10232125148386e-18	5.33648504750471e-19	0	0	2.54083678887255e-18	0	0	0	1.86666047505688e-18	7.81195715594348e-18	0	0	0	6.90157020715177e-19	2.75806953130207e-18	0	3.14827654460668e-18	0	0
CD4_T_cells	9.83479405015649e-18	0	0	2.09131693815739e-18	0	7.29270178783952e-19	1.38745816235869e-17	0	6.96980779396134e-18	2.67129092349666e-18	5.91584065444784e-18	1.9937021878731e-18	6.09938090182425e-18	0	0	4.09308370533492e-19	5.67189628294928e-18	0	0	2.1307455821263e-18	0	0	0	3.20781204139874e-18	1.47558511289014e-17	1.50053507315004e-18	2.0827986434016e-18	0	4.72187895803283e-18	0
CD4_Tcm	0	0	7.10500819100342e-20	0.00918426887541203	0.000565292634386186	0.0152169619714034	1.3967313795917e-18	6.80946826862251e-18	4.34333675615746e-18	0	3.71830501740967e-20	0.00676386969931982	0	8.25722635850849e-18	0	0.0119938140004025	2.72011096198974e-18	3.77279717262521e-19	0.0433031190872947	3.46995952869303e-18	4.44869955896642e-18	0.0245385554351729	0	0	2.26203167204997e-18	0.0208037915607405	1.54696696159289e-19	0.0105019670725951	0	0
CD4_Tem	0	0	0.00268064267828189	0	7.89177207022773e-18	0.0211260622434196	2.2205409637526e-18	1.30733098672063e-18	2.68020920355579e-18	0	0	0.0222126549075753	1.68086440000442e-17	0	1.2154872548475e-17	2.14606885300855e-18	8.71188712498628e-18	1.35523424384463e-17	2.84111925680749e-18	0	6.06766528630685e-18	0	0	6.00536328487443e-18	1.26899831783514e-17	0	1.61104883848789e-17	0.00410510011372303	0	0
CD8_naive_T_cells	0	0.00284609490074991	0	0.00505678821733694	0.00952809305101889	0	0	0	0.00147285567060152	0	0.0119218473343501	0	2.03580531006076e-19	5.99619155968326e-20	8.61024395819243e-19	0.01748672649614	2.37689536759252e-18	6.97287920160131e-18	0	0.0167489208167405	1.95653308103441e-19	0.00260399570584164	6.41207148979355e-19	0	0.0147921428853401	0	1.14378974643633e-17	7.10804216682843e-19	0	0
CD8_T_cells	1.77429974861691e-19	0.0751224455190587	0.0407013620880997	0.023577907312716	0.046833288430386	0.0204785440429133	5.72902439614427e-18	0.0270819307059964	0.106720867211322	0.00721993747616015	0.0645270707965973	0.0742716512434568	0.0105226056811884	0.021791732284208	3.79332200441712e-18	0.0700583274785746	0	0	0.0131713007309774	0.0900849499635492	0.0355120047415307	0.0572646813190248	3.92935353309868e-21	1.03464892314621e-20	0.0493164586242968	0.0882776172936723	1.50453580206199e-18	0.0189281417747118	0.0994590373174056	0.182043773946189
CD8_Tcm	1.38991287989317e-17	0.0259511069158685	0	6.56788621569879e-20	0.00550161284188375	0	0	0	4.34694994704008e-19	7.53437000075939e-18	0.0109488685892186	0.0326103247232191	7.32093887084167e-18	2.25845137422328e-18	0	0.0160131693449672	3.61544298358137e-18	1.45916782516376e-17	7.23275991694555e-18	0.0531190334993587	0	0.0144042216559294	0	0	0	0.00342978494746014	0	4.79045304114689e-19	0	0.0550310741274953
CD8_Tem	0	1.04622611461294e-17	0	0	0	0	2.88711893740705e-17	0	0	2.93646751614542e-18	6.2206927274889e-18	0	0	0	1.26708742145243e-17	7.5605150361447e-18	0	0	0	3.68896295769122e-18	8.97918848481698e-18	0	0	0	0	0	0	2.14859541212588e-18	7.07115728680346e-19	1.61307913138668e-18
cDC	0.00597125583480339	0.0226258592131242	6.48702356372926e-20	0.0842447904676242	0.0320345970068225	1.43068800434939e-18	0.0292635948822381	0.055847368076507	0.0077759338566295	0.0354154334981533	0.0163135987774875	0.0352601753429462	0	0	0.00107421376164849	0.0128233608926105	0.0333106229958453	0	0	0.025613278596233	0.0800539883047534	0.0516819341886269	0	0	0.0120714822162218	0.0305680188079789	0	0.00343777283413909	2.70072215490214e-18	0
Chondrocytes	0	4.25806365456551e-19	3.84226255264908e-19	1.51294328940422e-18	1.09630944426302e-19	5.65801270544308e-20	1.39107157291529e-17	2.35477096878779e-18	0	0	8.5225818523299e-20	0.0017307119426112	0.00134661302661864	1.13656902318618e-18	6.50767704255924e-18	6.50677258793087e-20	0.00184314513231568	0	5.55455553828127e-19	0	1.09467834507115e-18	0	0	9.81240216106616e-18	0	0	0	6.89435140144961e-19	0.0127128454992353	0.00202263453657923
Class_switched_memory_B_cells	0.00511696713256327	0.0477560712406585	1.30537618739212e-18	0.0471349412432039	0.0115573471525284	0.0146537651678459	1.42810463497926e-18	0.093277222742607	0	0.0488525688582058	0.0300490253414794	2.80089676887251e-18	0.0418737428882234	0.0488437067587917	0	0.0103410426235407	0.0251622977528064	0.00103975134630422	3.84629046475997e-19	0.0428355989659018	3.00765367989535e-18	0.0330358951811543	0.0347400752026717	0	0.00223237705062602	0.00241485520432526	1.93394457116345e-18	0.00687332373956393	0.00124213432979422	0
CLP	0.0265277436021237	7.96913759721156e-19	0	0	0	0.00440935204080536	0.00142280378834073	0.00084215241619148	0	0.000402689303768769	0.00770703880911223	0.00848433476309773	8.66649868562346e-19	0.00532469285352561	0.000540769708279774	0.00372922967272568	0.00195766988399543	4.60314501819138e-20	1.00484328650097e-19	0.00161588255964915	0.0143977349110008	0.0098807141134096	0.00625631779999815	0	0.00915191498634725	0	0	0.00318919378463226	0.000543775393170741	6.02246866083938e-20
CMP	0.0194157783822249	0.0313985493646705	0	0.0119522284545435	6.10226032942923e-19	0.0177680413500705	0.021248667452654	0.00518827163699004	1.75403521114935e-20	0.0232811856290583	0.0143038404263166	0.0168668604826471	0.0133927718581502	0.0156729820464001	1.9295802747714e-18	2.35161432439751e-20	0.0484322804563526	0.0149366624276185	0	0.0107430326586367	3.21318920257406e-18	0	0.0074354169761278	0.0381945189018354	1.1182097924107e-19	0.0405639932231752	0.00470208571932043	0.0358773865019929	2.74383849157766e-18	0
DC	0	5.03461994810856e-19	0	0	0	1.73236670948157e-20	0	0.000197427073171168	0	0	2.65617611484388e-19	5.74531784330255e-20	1.19272919188389e-19	0	4.72112050521076e-19	0.00328578534867538	0	4.64188684191273e-19	1.29537278884236e-19	0	0.00484945968857873	0.000177807687670278	0	0	3.65356260271895e-19	0	0	0	3.11916181207776e-19	7.28505505708226e-19
Endothelial_cells	0.000265366967251464	0.00567550783116535	0.00291128952794992	0.0159285368965733	0	0.00441016219858721	0.0421323611224736	0.00320728346555502	1.77419616785894e-20	0.0193917016483562	0.0148560367849014	0	0.00035314889645668	0.0214635349770368	0.0271013021734942	0.0199331465617071	0.0196078333800153	0.0394399768641789	0.017743153775096	0.00219085234150005	0.021008245977366	0	0.00643255842098124	0.072770194986408	0.000791805774975607	1.62411048475153e-20	0.0828138216461907	0.0105036794216877	3.49643061572595e-19	0.0401104686846318
Eosinophils	2.08019403691393e-18	5.49698655263193e-20	4.52188391642939e-20	0	0	0	0	6.53304984320195e-18	8.16135653986876e-18	1.6870099937711e-18	4.27620268528425e-18	2.85514231118505e-18	0	0	8.88330124723825e-18	2.99087863013023e-19	2.10836774986837e-18	0.000447519093608063	0.0197376271897554	0	1.63257993159888e-18	0.0174983090176615	6.80090681845277e-18	0	7.24174351739261e-18	1.73252518952465e-18	5.50234367608712e-18	5.02017348597989e-19	0	0
Epithelial_cells	4.43743924299775e-19	0	0.0720542186805101	0.000448949013848097	0.182052112211503	0.00122383216286461	0.0283235503734327	0	0.117928516274922	0.0814161287754148	0.00111946447571737	0.00606073216454181	0.0833167222321319	0.019503975854841	0.055202051608855	0.0155455135365788	0.00240909920556381	0.0239451097613443	0.00438082242161342	7.33779289321593e-19	0.170628351109467	0.00128883378632267	2.8447369409202e-19	0.00606912340975873	0	0	0.0210939837185633	0.108709136778916	0.00506290636214898	0.00200307932141204
Erythrocytes	0	0.00463231317089954	6.335848329488e-20	0	3.90319423701665e-21	0.000325532689514813	0.000979719631931299	0.000279398279945849	0	0.00124617422567201	0.000221389416494011	0.000708255962777761	0	0.00608669019139984	0	0.00289110426097148	0.00253682029177677	0	0.00190209972767234	0.000137898857866792	0	0	0	0.00357421225715208	0	0.00560615883049001	0	9.81159585316412e-05	2.35534720541204e-19	1.26799505331199e-18
Fibroblasts	0.0669034995119461	0	0.0246288642924898	8.37439659823105e-18	0.0211369190353951	9.52128013500929e-19	0.0517224476891462	0.0122425700400052	1.37490972669876e-17	0.0119194028870028	0	0.0585148301877293	0.0307592393804786	0.00868863608141409	1.19864324068253e-18	0.0392317127659337	2.41125893982902e-18	4.24375849186748e-18	0	5.50066969909857e-18	4.0990909502547e-18	1.35400613035495e-18	0	0.0310359723022136	0	2.50917423909566e-18	0	0.0824210873085475	0.199611573815344	0.00835502842566363
GMP	3.59117660008917e-17	0.0544549156699297	0.140883869309973	0.0381518716989034	0.0233483153764555	0.0287965977468148	1.26883584861694e-18	0.0181092120354987	0	0.0136587814665108	0.0372492891179597	0.0437453409839555	0	0.0442110977847811	0.0471715243600508	0.0332507415385938	0.0665618894709704	0.0529003544198652	4.72538217668529e-18	0.00988669126326956	0.00230488640880951	0	0.0405487892818623	0.0946795885376293	0.0542917233033335	0.13104162653554	0.037200719685771	0.0115726151985519	8.95374902754581e-18	1.97391424692538e-18
Hepatocytes	0.00654803765781235	0.00349972452541089	0	0.00133257877163284	0.000700157432439448	0.000979247020778396	0.00371280909598117	0.00213751924708877	1.48400351540725e-19	0.00313585461548425	0.000185144754775095	0.0013547186634822	0.00377506966834066	0.0032014685366418	0	0.00150859398979299	0.00333222176842743	0.00313336923577093	0.00221460296292049	0.00219588220513268	0	0.000828420137133246	0.00336090886072186	0.00258110858559005	0.0036641632673716	0	0.00171099277793656	0.00028367993052072	0.00600136916475912	0.00431145709754498
HSC	0.00751243268028983	0.0957786894438194	0.124619873021144	0.0405882483047691	4.31733533438669e-19	0.0170404196470501	1.35806217644726e-18	0.0764534559830047	0.0673133549178641	0.114040753004384	0.102726880787587	0.0106346284956947	0.0430400496322272	0.088642684053984	0.19703519510081	0.0660540013753638	0.0975074472817036	0.0916726489748758	0.0186141090741001	6.02515826253787e-19	0.0282376137650291	0.00366269658083258	0.00731802472272249	0.0146916490210251	0.0774400284849853	0	0.125854898405883	8.22936007750251e-19	0.0587258346996661	0.00857617073452356
iDC	1.39448149745014e-18	0.0133845469429552	0.00825558120239188	0.0107884777310899	0.0463950905788964	9.79234871463728e-20	0.0108711551271913	0.0809639538030163	1.83098494138949e-18	0.0236095312841913	0.00997570653552999	0.081910417728024	6.00449880368415e-20	0.0607417823377937	0.000153243364955451	0.0982237922381997	5.08832654224045e-19	0.0173601077157511	0.0369328487280694	2.81081947902961e-20	0.0174988411455326	0.103976204518458	0	0	5.83456083073557e-19	0	2.21603573948491e-18	0.0866042335328665	3.36139447466186e-18	0.00409051443213357
Keratinocytes	1.75432523924346e-18	0	0.00241783705747821	0	0.0119532840210914	0	0	0	0.00646080855168082	0.0117128767993	4.88477102259745e-19	0	0.00273138844474322	1.34929499527472e-18	0.00174747323195706	0	4.33984251312558e-19	9.97984800953933e-19	0	0	0.0234855268889251	0	2.85333302575152e-18	4.51953830828588e-19	0	0	1.35289986163138e-19	0.00476745944855042	4.20472014381642e-19	0
ly_Endothelial_cells	8.68698237511679e-19	0.00333134838722065	0	0.00547244377682163	0	4.68598900708778e-20	0.0123858801610292	0	0	0.00144294347900983	0.00482350438549044	0.000112081620187858	0.00072265565343882	0.00932507197743079	0.0132464608647079	0.00238581511122462	0.0139669381069274	0.0139647975380101	0.0117449155696386	0.000233756997397463	0.00391327697087382	0.00152718583101342	0.00166991599632143	0.0254625839274346	0.001345816601476	0	0.0365003006854481	7.08827375177565e-21	0	0.00966735830640902
Macrophages	0	1.107025925146e-18	1.79947887983412e-19	0	0	3.48341017413958e-19	0	0	5.99914237287405e-19	0.00406181721193095	0.00306230194687061	2.44613834838499e-18	0	0	0	0	0	9.46692488408905e-20	0	0	0.0108104639097394	0	2.51852352877882e-19	0	0	2.05684207317419e-19	7.61855402161674e-19	0	7.40218422131812e-19	3.08836739566377e-18
Macrophages_M1	0.00287666497813533	0	0	8.10177865821783e-19	2.78435997248102e-18	3.85015945939906e-19	0.0131643352047387	0	4.86937487510901e-18	0.00284476189626667	0.00508647841814488	0	5.70835550605052e-20	2.89267328256411e-19	0	0.00148498103720028	7.818850999257e-19	0.000427938823028197	2.71645171610752e-19	9.58648292831238e-22	0.00200831870412621	0	0.00338245700079811	0	0	0.00117456620214793	0.00353960666166714	1.25417398410857e-18	0	1.80406379876363e-18
Macrophages_M2	0.00175796650092296	0	0.0129483909049568	5.72864664482058e-05	2.34675485961683e-19	0.000251092786883407	0	0.0109652442031199	0.0015855242843019	0.00404348821292846	6.77699168709437e-20	6.60997208329384e-21	0.00104371233264466	0.00340121477474939	0	0.00205565445638879	3.77670295325321e-19	0	0	0.00304887061191727	0.00932280515266522	7.51264644997105e-05	0	1.11299715135226e-18	0.00685016802973609	0.012080272200508	0	0.00943239670193687	0	0.00868908998432777
Mast_cells	8.36159167098321e-05	0.000378477680023144	0.00821504715419643	0.00752043507784482	0.00334342836303414	0.0151316913339147	1.24647963907137e-20	0.0119149052186254	0.00301929901406133	0.00440614626837815	0.00771856845098475	0.00939716885648795	0.0041474456890506	0.00261527152658532	0	0.000294421880988797	0.00700775920736067	0.0102909206517076	0.00809040806154822	0.00452383960887941	0.000470526438252252	0.00730165322121812	0.0166359321178736	0.0120276374945245	0.003337065258788	0.00198571398282968	0.0104869065756334	0.00206671298228027	0.00753518486145825	0
Megakaryocytes	0	0	0.0375321803217221	0.0103348349260015	0.00584550831829456	0.0277768493301979	0.000966927502363463	0.000799557712034834	0.0100830981646261	0.00698697520704221	0.00987796916448169	0	0.0129403299556854	0.0145604851841676	0.0364372424626059	0.00107101886652636	0.00045440221824421	0.0367730303990121	0.0471114458506718	0.000335341053622502	0.0194867845142841	0.0034944670618633	0.022417548089653	0.0612572976524377	7.72854941805904e-19	0.00463637989317068	0.0500697102311177	0.0163746470749459	0.0442242384187717	0.00294933113916525
Melanocytes	0.00313146026290027	0.000800718534397289	1.9854893041841e-18	0.000593865400421699	0.000402797016807398	0.000936057298800779	0.00452550478999219	0.00246704724164973	0.00321548785171687	0.00157669770774595	0.00145368143660945	0.000817121394487693	5.81954482343008e-19	0.00113057671418023	1.26663584870309e-17	0.000766277403605456	0.00110692984226331	0.00194883361104273	0.00129002038414484	0.000807385782435511	0	0.00101682660157013	0.00217693046379236	0.000492587145430553	0.00245700306743932	0.000473373366325352	0	9.03848589039167e-05	1.94556136118711e-18	0.00117636201835641
Memory_B_cells	0.0218995514786938	0.04270964978178	2.22814318321219e-20	0.0726524437320426	0.0411864091560989	0.0144090311464197	0.0197115954175348	0.0386868672051842	0.00696044665140709	0.035566052590545	0.072740200124858	0.00877658693798931	0.0780844756374605	0.0398765135307415	0	0.0374511167024342	0.0503001306383632	0.00526733145501708	0.0210801799980865	0.0472902209540511	9.36384377182599e-19	0.053298016354631	0.0423882693649747	0	0.0195839045163902	0.0426934719223665	0	0.0838377185508157	0.0352058557515445	0.00285413175807523
MEP	0.0276765749721696	0.0183686910398127	0.0192732497754309	0.0159109375127591	0.0628798650052443	0.0248615016741562	1.76607661091297e-18	0.0333795560538201	0.0576169070117529	0.0248278624622139	0.0414874891299434	0.0452029182773555	0.0446494108031815	0.0233651069960805	0.0166976849548935	0.041370030409232	0.0208477389210326	0.0451648929343474	0.0701984341853966	0.0371693727742564	0.0396858137775407	0.0306766770689029	0.0401436195702004	0.00739842375865229	0.00403258838880983	7.13839093839004e-18	0.0272650119807308	0.0424933027480295	0.0173747140998002	0.00953806838189169
Mesangial_cells	0.0125216493106344	0	0	0.00420767968432832	0.0240711849363941	0	0.0297191129997865	3.19766466834245e-18	5.15671786159551e-21	0.00829261418172159	0	0.00704091672894325	0.0137081551306763	0	0.00140564045947754	0.010812130001994	0.011489704729874	0	0.00157963651524478	0.00327622473746516	0.0117497346363521	2.60700778631607e-18	1.18371045058898e-18	0.00969095113179695	0	0	0.00827569554060807	0.0032504473612083	0.00260890015628826	0.00210440270688533
Monocytes	0.0577880295317436	0	1.01981301143861e-18	0.0274409065400531	0.0147838484040042	0.0231288029094222	0.0225844593101758	9.27847553342433e-20	0.0570134565080102	0.0109713875881043	0.0186599802451102	0	0.0117140601651282	0	0	0	0.0143790970802132	0.0168750112175941	2.94051831892155e-18	0.00192908539310057	0.0175870174090971	0	0.00853451844850093	0.0182238115421124	0.0121996792790508	0.00792273998982936	0.0147200409973898	0.0171701410031591	0	0
MPP	3.29462221709191e-19	0	5.9609006826408e-18	0	7.60841212143113e-20	0.0105728222319202	0	0	0	0	3.09887636752803e-17	4.83954747438828e-18	0	0	0	0	0	0	0.0213042877294857	3.06984768785582e-18	0	1.03483910581241e-17	0	0	0	0.0160039494374828	1.80608682398095e-18	2.66408244363022e-19	4.30105048552623e-18	0
MSC	0.0146083320650164	0.0329219884205633	3.38596254494417e-18	0.0204418631464479	0.000332694486346427	0.0567120527359096	0.125621550373462	0.114685444934446	0.150039825070887	0.0681023655084123	0.0770360611998735	0.012125823312044	0	0.056175433886494	6.83971821134669e-18	0.01415462263438	2.87590412578318e-18	0.192610707542303	0.0705334090588479	0.00392615430008998	1.52104429520837e-17	0.0280294666522241	0.0426485800063572	0.115152863859541	0.0343318286572906	0.0874602914866866	0.02894241518085	0	0	0.0521827265950942
mv_Endothelial_cells	0	0.00485479743276521	6.05827442462902e-20	0.0149140062213026	0	0.0021244173276234	0.0353256456298578	0.000119514421876531	0	0.00902664931433304	0.00925215773103012	0.000923112687306814	0.00226241692502554	0.0147911399548602	0.0100938862554704	0.0152051984573431	0.0246638653541622	0.0275402685865552	0.0138775142030624	0.00257590696174977	0.00153274548752504	0.003117630195074	0.000648525809292548	0.0468821130412179	0.00504929040588733	0.00667208119064163	0.0583965035250896	0	0.00148892996390499	0.0201621054069561
Myocytes	0	0.0142784379889965	0.00254100345059866	0	0	0.00260802688115795	0.00855662255738908	0.00879984174687233	0.00707023389840171	0.00164054956953486	0	0.0156094371759384	0.00405192408591118	0.00671932898586582	0.00132664320627236	0.00489244876672556	0.0119332408234758	2.66217812803071e-19	0.00141620362465199	0.000432481558981535	0.0021266789853189	2.76098253851394e-06	0.00140447278044552	1.38010738458922e-18	0.00502086979792921	0	5.86005546198215e-19	0.0177337351746093	0.0037411263267184	0.0171115652757067
naive_B_cells	9.60778192853073e-21	0.042833169729472	6.28080589776622e-18	0.0322603429309613	0.0369597704484596	0.0128608163117737	0.013990204761407	0.0292426047203031	0.0131768517539695	0.0397521322459704	0.043858482904284	0.00490253420404792	0.0402774626029216	0.0410910334919428	0.0142054275710565	0.0461888053109244	0.0582038284176485	0.0154635136594799	0.0163070494128321	0.015667978067782	0.00138738884284593	0.0507478303768101	0.0218831521059365	7.50129624469279e-19	0.0298177229823172	0.00765208505044358	8.2294394218045e-19	0.00201814525449581	5.04691364860088e-19	0.0396694457639972
Neurons	2.23111421096112e-05	0.000103337286250411	0	9.03258452711067e-21	5.62420093798796e-06	0	0	0.000445146314447057	0	0	0.000235899589830332	0.000802361047587672	0.000240674014182811	5.34500955143732e-20	2.55678643961861e-19	8.18304634326205e-21	0.000567378378604242	0	5.01711597056832e-19	0.000180243560603057	0.00024809015182808	0	0	0	0.000901828919047271	0	1.66582989277643e-18	0.000302523369948724	0	0.000353018666213622
Neutrophils	0.0149306057218902	0.00132283038578285	4.09339859585775e-20	0.00228046641973355	0.0187333671111938	0.0021074481355214	0.0685694983781473	0.00231158405157498	0.0430446639868141	0.00301087032263831	0.00588139619729315	2.32185291102702e-19	0.0242705836856271	0.00217675464674029	7.02414475346942e-19	0.00235049000122929	0.0147079805494434	0.0077354085170988	0.00140899736498224	2.14621974199634e-19	0.00696869328146847	0.00431204427858328	0.00272299340864444	0.0140301557673733	0.00132584563983254	0	0.00196278746186272	0.00532444495806623	0.00895275554237804	1.96351746959145e-19
NK_cells	0	0	0	0	0	8.7476250018753e-18	3.05539276830155e-17	0	0	0	4.94245698458954e-20	4.84048133384077e-20	2.79713418576829e-19	0	1.81869391263167e-17	5.23567592415564e-18	0	0	0	0	1.21794428579511e-17	3.09684484739636e-19	1.92286606098978e-17	2.61083923321783e-17	0	0	3.99823562053812e-17	0	1.80231775967147e-17	0
NKT	0.228855409143647	1.9615053363767e-19	0	0.019727477591823	0.00617536437077087	0.0793280626131025	0.100185828782946	0	0.0391421780827592	3.06542884448918e-18	0.061879699082475	2.19048559479967e-18	0	1.0386709314495e-19	0.0396065502711018	0.0117119113360535	0.00872033735847289	0.0476736849468462	0.0771109020931551	0.0320207357932839	0.01052155014762	0	0.0927080420790795	0.116065816245777	0.0648947127415641	0.121377985818134	0.0247767297111481	1.27986419956757e-21	1.02992868837313e-17	0
Osteoblast	0.0420737987459056	0	0.00503011121559753	0.0476501735158221	0.0131203895447767	3.90672647277898e-18	0.0134589523678069	0	0	0.0090161127727429	0.00626396415426834	0.0255995951058742	2.53720913970905e-19	0.0116431943913363	0.0739912629646495	0.00353260764830401	0.00792600620665591	4.52240577452145e-19	0.0253066707199328	0.00983203585739329	0.00445978048917915	1.03681773826683e-17	0.0119854284232295	6.35654653701646e-18	0.00187393849535883	0.0040666900202823	0	0.0429060534513947	0	0.0699974422332496
pDC	0.00321989969425982	0.00984109286544372	7.48094681699877e-19	0.00488530366498303	2.93957728586552e-19	0.0202748267746095	3.32145187887865e-19	8.75835915122059e-19	0.00702729708131896	0.00364642131382521	0.00726743231490789	0	3.8041910441319e-19	1.51788690940661e-20	0	0	0	5.66765883861639e-18	1.5709564553391e-05	0.0268807452536988	5.09001183465243e-19	6.89734883588117e-22	0.0142530178432348	5.82251219732147e-22	1.26563782024326e-18	0.0231959365813247	4.29828920377213e-19	2.85953244213131e-20	0.000761753341230962	3.29373452144459e-18
Pericytes	0.0514930368058425	0.00567326035328797	0	0.0232551546093881	0.0324819103302934	0.101330015311882	0.0620243441563254	1.95092446703972e-18	8.74520396626379e-18	0.0358662623778613	2.49972504441347e-19	0.0152266219097201	0.0172632701613681	0.0764565965302608	0.00674493413862526	0.0570591471953113	0	0.0159047879253365	0.123079309469825	0.0501740360777064	0	0.00255953755778135	0.0394174619124873	0.0582060491259124	0.116796450020008	0	0.0440858892519589	7.51861932086819e-18	0.0155286804954812	0.0985580067662334
Plasma_cells	0.0195877849150215	0.0272276359156527	0	0.0279364230717289	2.74577768512202e-18	0.0106121794722027	0	0.0038630847539257	4.63066423697571e-21	0.025455968462897	0.0189101545902081	0.0226102317100699	0.00815680947521508	0.0075790603926373	0.0120129481813622	0.011284051105379	0.000323197349425088	0.0246740205326694	0.00993986059605291	0.0195454231802555	0.0123519196871721	0.0138323627514427	0.0117884267101635	0.000568222627191693	0.0200615109141901	0.00187259739661041	0.000195385070713213	0.0494372932688099	0.00461824695986448	0.000330132975541912
Platelets	4.47704666162407e-18	0	0.165291549989269	0.0188793197195206	7.1156241488057e-19	0.13391042645172	0	0.0058043627867634	0.0243571159376531	0.00635789762321669	1.91502057319974e-20	4.97043822431583e-18	0.0181075918084623	0.0128903291578268	0.14790482288264	0	7.37041178598833e-18	0.0715683533672037	0.12852502233172	0	0.0230791033342419	0.00343349539646799	0.0361599221323894	0.133778354218445	0	0.0433903682961775	0.221227885621168	0	0.225409572405612	2.13728367720638e-18
Preadipocytes	0.03366938542767	0.0154629055508817	0.00867010731171059	0.0192667721874651	0	0.026041873510831	0	5.67911818079333e-18	1.38778400048096e-18	0.0123026542285795	0.0116996857600032	4.07622340329748e-18	0.0200432761837521	0.0117993740962216	0	3.34737655470195e-18	0.0390681730208152	0.00380736188378615	0.0197989163208818	0.0260711218431342	0.0234022450489371	0	0.0150776583570582	0.00990012884849091	0.0218899285495375	0	0	0.00410547184012135	0.0377177393463122	2.16419870100301e-17
pro_B_cells	0.00937109531306153	0.00348848594954503	0	0.00659329121592266	0.00612427472636758	0	0.00506716194686174	3.100126403434e-18	9.83935994570296e-21	0.0125760487900584	0.00367492014712028	0	0.0238448713635112	0.0206558537972861	0	0.00345823831867748	0.0385468458558151	0	2.75040852028295e-05	0.0145943371983131	7.50882690095765e-19	0.00551949631642326	0.0115718319565053	4.28153999935605e-18	0	0.00652892515196597	5.03157246921783e-18	0.00659448168596764	0.0119649875487704	0
Sebocytes	9.05914329981655e-19	1.39842821063753e-19	3.71875840908116e-20	1.69082395349975e-21	0.00339341235567554	0	0	0	0.00141074154905032	0.0011331580590868	0	0	0.00130798548966943	0	0	2.11357255905184e-19	0	3.56664878200994e-19	1.20725043859895e-19	0	0	5.66600400917547e-19	5.20757671286758e-19	4.97460583198495e-19	3.92506855369683e-20	2.75682120864983e-19	9.61229738271948e-20	0.00124078995247202	0	3.57784727746273e-20
Skeletal_muscle	2.3565907954997e-20	0.000264816247792334	3.34576041709191e-18	0.000475183607847444	0	0	0	0	3.46724486071428e-19	0.00012426266195295	0	0.0028150972324984	1.55999135988778e-20	0.000493142953471296	4.87492460336272e-18	0	0.0016617867488771	0	6.14047055484303e-19	0.000230759944038118	8.86300891358611e-18	3.58771581019603e-19	9.91569296459214e-05	0	0	6.01481927108056e-19	0	0.00971381789416314	0	9.09716216387782e-05
Smooth_muscle	0.00379213276314682	2.23167250921993e-18	0.174143710231638	0.0670920430875901	0.107206627724025	0.0710652638170601	0.00227886628572896	0.0048007761590168	1.90933413318559e-17	4.19347581750511e-05	0.0375675518425039	0.044572997156687	0.0204564245386677	0.0356079700933782	0.249953055610938	0.0477946686694563	0.0564216239998327	0	9.62074092129891e-19	0.0746506644120286	0.25348164898978	0.123667749985194	0.0338124276721056	0.0165727377188083	0.0838638233660225	0	0.123370705762179	0.0519930448303735	0.0452785247654537	0.0290412695484361
Tgd_cells	0	1.14844929851157e-19	1.13817693475777e-17	3.58560211653949e-18	6.98448874089246e-20	2.97739745634718e-17	1.19873188131912e-17	7.45243710530726e-18	0	0	8.66928352766631e-18	8.05295125062635e-20	5.30072082876712e-18	4.74456541070352e-18	0	1.08226071497149e-18	0	0	4.68567768741036e-18	0	1.24555123968278e-18	0	1.60368294158194e-18	0	6.81989561050641e-18	0	0	8.31842399844548e-18	9.269547290429e-18	0
Th1_cells	0.00770476941970769	0.0561282622385757	9.44659830520928e-18	0.00878607955711552	0.0249384477653866	0.0264152504412986	0.0398752090236276	0.0330819519323921	1.5269929631778e-18	0.0259062042766637	1.20821433241462e-18	0.0426670212712567	0	0.0200353442102886	0.00353764621806378	0.038828131224844	0	0.00350957984342737	0.00666945172993883	0.0977270097797742	0	0.00595469498542983	0.00488890386935889	0	0	0.0378256641245231	0.00987523621910745	0.0192864559567912	0.00637092372458684	0.0443925886728846
Th2_cells	0	0	0.10032070812615	4.21510526211086e-20	0	0.0440199479350198	0	0	0.0744118241506096	0	0.0151243736838662	0.0233956851906966	0.0860148193525874	0.00100870417523268	0.0346091505659764	1.79277297636763e-19	1.01254780826208e-18	1.26434282258629e-18	0.00631418897690325	0	0.00605441648749148	0.00652981370096831	0.0072154971376664	1.92235623922005e-18	0.0410884541444264	0.000978609693080368	0.0109005713720772	0.0204329650772281	0.00784588574346632	2.60580657067732e-17
Tregs	0	0.0170033554386798	0	0.00229566449791095	0	0.0215682549528396	5.43468767198419e-18	0	0	2.84066026878781e-19	0.0167028090795505	0.0436150399454445	8.32505774191696e-18	1.85879679183439e-18	2.38380543077937e-18	0	0	0	0.0243162461815741	1.02930441268942e-19	0	0.011199326079889	0.00335976102769853	0	5.72852799829731e-19	0.0288570651696815	0.0131739574958191	0	0.0503299902993831	7.03815323608362e-18
