Mixture	SCLC01	SCLC02	SCLC03	SCLC04	SCLC05	SCLC06	SCLC07	SCLC08	SCLC09	SCLC10	SCLC11	SCLC12	SCLC13	SCLC14	SCLC15	SCLC16	SCLC17	SCLC18	SCLC19	SCLC20	SCLC21	SCLC22	SCLC23	SCLC24	SCLC25	SCLC26	SCLC27	SCLC28	SCLC29	SCLC30	SCLC31	SCLC32	SCLC33	SCLC34	SCLC35	SCLC36
aDC	0.135424338391411	0.0339776313159241	0.01120452717528	0.0288350240600537	0.0123790191655675	1.79516955711083e-18	0	0.0110495541192947	0	0.0691929303886057	0.0095397865878609	0.0224598966429773	0	0.0104185400139393	0.0247430945463626	5.72005354212957e-19	0.00040892896540762	0.0456754341929154	0.000622935993606408	1.35722273981879e-19	0.0304537405728744	0.0188999286264114	0	4.45148247205046e-19	0.0064870048905972	0.0123874339931112	0	1.18938889555933e-18	1.35439387598571e-18	1.97097114761097e-18	0.00433617668163193	0	0	0.00505569702421547	0	0
Adipocytes	0	0	7.06652322578058e-19	1.54920981301943e-19	1.11781022923956e-18	6.21322824951274e-20	1.3912699615707e-18	0	2.67614889121552e-20	0	0	0	0	1.65392472650004e-19	3.18242280019485e-19	0	4.24138407401071e-19	0	0	4.51284465318215e-21	4.57746452834209e-21	0	0	0	0	3.44314916098179e-18	7.76981141298237e-19	0	0	0	0	0	0	0	1.24253546830128e-19	1.93969902548256e-19
Astrocytes	0	6.21295390635945e-18	0	4.96105338952444e-18	2.05643017494054e-19	0.0123867583848152	0	5.85657753072619e-18	3.37520543618289e-18	1.73912684308674e-18	1.65296908460097e-17	1.61849038583466e-19	2.83845938970937e-18	2.38240033122797e-18	9.30195921860644e-18	0	0	2.07688399688232e-18	0	0	0	1.84526016723315e-18	0	0	1.32056469025866e-18	0	4.64574644192993e-19	0	2.16066185216581e-18	0	6.21281865501519e-19	5.55462710319477e-19	3.25452243811085e-18	1.05206185152239e-17	5.45434711013435e-18	1.48748782420771e-18
B_cells	0.0259018378677803	0.05677899979253	0.101193750172045	0.0249467834357785	0.0588835221224565	0.0236733892589229	0	0.0891836692269891	0.0461634898162219	0.0206975816103476	0	0.0512719560164162	0.0989127461788341	0.0421278019082551	0.0600891870225296	0.0985739777126487	0	0.0261247085168625	0.0506681616332856	0.0591523654272423	0.0246825696774017	0.0420640269050343	0.0304686303286573	0.00341465009860752	0.083213645309614	0.027987695875605	0.119688669317734	0.0160763806968573	0.0423528015993804	0.0233310868664937	0.0864462695235578	0.110517244251789	0.0190546691153705	0.0458231119712472	0.0177534839058015	0.139554964124024
Basophils	0.157400531508345	1.01086375909081e-18	0.10938284206978	0.0131965055546374	0	0	0	0.00443125679268826	0.0858925022853558	0.0183924558756383	0.0940028173949491	0.0398979161628285	1.31528941344974e-18	0.0465502945462942	0.0339690738496349	0.0109921363840202	0.000781693607716953	0.0207171205839241	0.0512532696729816	0.012754577168733	0.043330822800012	0.0044063378320719	0.0234720225140915	1.75595349657902e-18	1.19841742210887e-17	0.0901802165101667	0.160959016994492	0.0340645241676105	0.0369319109097777	0.0837051908603355	5.37381996224354e-18	0.0254719048856873	0.0660938537982811	1.90193324732374e-17	0.0525202222294688	6.84759085415252e-18
CD4_memory_T_cells	1.11661145830996e-18	3.18700659100373e-19	0	0	0	0	0.00147776304183222	9.44484067213298e-19	0	0.00944112802439512	0	0.000939337918844966	0	1.63919677817154e-18	4.22645096014948e-20	0.00110183200886658	1.99843418722585e-18	8.66454918107957e-20	0	2.32351380543114e-19	4.89035472005162e-19	0.00238878737082959	4.96319781825434e-19	0.0137201817330397	3.36164624764784e-19	0	2.40160093867937e-19	7.94036871878102e-19	0.00915183837043295	1.14878864273593e-19	1.09134012103069e-18	1.06301161551241e-20	0	0	2.07005958287561e-19	0.00260586021357934
CD4_naive_T_cells	0.0101615054327883	0.013685594720572	0.00473179925972498	0.0320628247119266	0.030563711082086	0.00830462427211325	3.39495794930113e-18	0.0216003438035225	0.0120924392456719	0.0119533190164502	4.11791166693113e-19	0.0315438190184509	2.88694446213386e-20	0.0218395335745172	0.00678468437935358	0.026965921438468	1.64642020212466e-20	0.00823254739729545	0.0432294155975662	0.0416414764496623	0	0.0118012892347135	0.0286008575530083	0.0193641676314483	0.0140581848384538	0.00973103488006591	0.00549563091438217	0.0388437686755849	0.0578824491332801	0.0118379663557811	0.000525775907906434	0.0222408234569884	0.013284430009047	0.00487356257957193	0.0134201974360789	0.0220595851363324
CD4_T_cells	0.00617297293521396	0.00876429785206054	7.62694217965829e-19	0.0105656961556422	0	3.76634234549417e-21	3.91466856870516e-18	0.0161399977524089	0	0.022904729515412	0	0.0103153529972033	0.0151474088953925	5.69997309086958e-19	0.00599898320153608	0.0212579997352047	0	0	0.0022120536504374	0.0182065170622963	7.18631939015855e-20	0.0100438250233272	0.00439975534852573	0.019213029442415	0.0052114455413533	0	0	0.0118864627420885	0.0513994970302195	0	3.50279759919412e-18	0.0102508856525371	2.47383475679429e-18	7.54686506333732e-19	0.00490730486773007	0.0236001375474167
CD4_Tcm	0.0775510789081427	0	0	8.86965884237785e-21	0.00506170352043732	4.45106453326898e-18	0	1.92485386223223e-18	0.034366060649655	0.0437470320278695	4.69641694675475e-18	1.51091117665412e-19	6.90641850513762e-20	0	0.00722558506610199	0.00352838246020993	0	0	0.00461210730859967	0.0388228543262452	0	0.0175542823653458	0.0226546644545222	0.000892930375534009	0	0	0	0	0.0301233046185481	1.25697326102495e-18	0.000194608186667683	0.0483953836619339	0.00544185038827927	0	0.0326862025832452	0.0120051857441132
CD4_Tem	0.0459453017738056	0.0285552891478156	0	0.030694831712773	0.0258565427619742	0	0.0154037761670216	0.0140090890897445	0	0.0643451716359931	5.04226397487614e-19	0	0.016723433630076	0.00501781782349202	0.00903145193634311	0	0.0373929702429131	6.90917625427454e-18	1.09506513740705e-19	0.0112954008849383	0.00833337641732008	0.0594269916226484	0	0.0175779444115089	0.0124730953628842	1.39646604869543e-18	5.19996937753222e-18	8.73610119045391e-19	0.0559686115683899	2.0408270513494e-18	0.0142479604245173	0.0547243319710511	0	0.00302701620931644	0.0101310853126255	0.00165203911185524
CD8_naive_T_cells	3.20563699065642e-19	0	0	0.00642702817902824	2.26816103531376e-20	1.8303259395799e-19	1.08133909807292e-18	0.00701475155896982	0.00372582603371121	0	0	2.42579441575182e-19	0.00890533878750087	0.00565622071842604	1.14936158475212e-19	0.00119773159008784	9.56189440081153e-19	0	4.62855084029817e-20	0.00890985036984647	0	2.65489493346113e-19	1.65606173807672e-19	0.0029507126325897	9.68270473065993e-20	0	8.54634929692846e-19	0.00780183500958408	7.51056612776454e-22	5.40341973202724e-18	0.00512434297868333	2.54484728287566e-21	3.57651278474855e-19	0.000646068930819289	1.21672370372112e-19	0.0117617460380515
CD8_T_cells	0.0693648065965694	0.00136029332843643	0.0302152893069775	0.0781962633835853	0.0862798356598779	0.0269925750891236	0.108458927356257	0.115111009659384	0.0353516997893783	0.0265705638363505	0	0.0230400814656791	0.0924929358498563	0.132623073557152	0.0377892180395656	0.0344960346582403	0.0272080857744598	3.38581591309824e-18	0.136661706273307	0.131465527895526	0.0447848906775135	0.0217179995799516	0.0187386171510597	0.0156013821628261	0.073032082033724	0.0242468058933216	0.00588176913931034	0.151514016594933	0.0653789124793053	0	0.0101320170550122	0.011504323086298	0.0155063661390214	0.0607906250839786	0.0619353512768393	0.0939426430530303
CD8_Tcm	0.0811437418875779	0.0143500552723609	0	0.0768871795025586	0.165899875702956	0.0672432909536507	0.136035375775167	0.139679442722423	0.0170955190490549	0.0559744794085941	0	0.0740748721965113	0.0961741534914649	0.165464292597401	0.05524119192475	0.042330699213806	0.0301256165427591	0.0420601745766004	0.159169097684695	0.15048199539503	0.0777461291082589	0.0508433807218038	0.038995804469462	0.0635306467095135	0.0990801926706918	0.0294777982362687	0.0183734080808578	0.172798051317821	0.10014479590814	0.0431944648145638	0.0306302562782684	0.0442879304837726	0.0341021944500958	0.0821101212331951	0.0970689607740343	0.0863833481818184
CD8_Tem	2.98635763553604e-19	4.14387165477813e-19	1.25616512777951e-18	0.0154423124991916	0	0	1.60365774663655e-18	0.0130841069704361	0	0.00568727318181759	0	0.00385901503519229	0	0	0	0	6.82463503388291e-18	2.58433115609824e-17	0.0102408539753293	0.00656345985422731	7.91831748812336e-19	0	1.83823611791079e-18	2.68143130195783e-18	1.31115289474898e-18	2.41369661984654e-18	0	0.0348857990447744	2.19630518387067e-18	0	0	0	9.8158775620179e-18	0	0	0.0258813191815263
cDC	1.55384008811124e-18	0.143947902442213	0	0.0012814496432624	0.0676828313656562	0.0618485342668914	0	0.0520896583961244	0.0572521414299513	0.00493658360277542	0	0.0341233577803697	0.00371730066794294	0.0449979130904649	0.0864712162657414	0.0383650074196308	0	0	0.0275557058405758	0	0.00390222806819966	0.0864788556443573	0.0685269273579105	0	1.36369191575982e-18	0.0165928071990126	0.0499441908671882	0	0.0106929898731227	0.00207570004241385	0.0169013640070162	0.0583357375467765	0.024705430588676	0.0436029957995117	0.0478253342252731	0.0113864857304849
Chondrocytes	0	0.0188605997406159	0	0	4.21853094076583e-18	0.0115822906017994	0	0	2.73572097781754e-18	3.75825171474379e-19	0	2.62138022367585e-18	2.55614236308772e-19	0	5.08422408618188e-19	0	6.88641328435024e-18	0	0	3.21024457497915e-18	0	1.09687667381584e-18	0	1.06463623278401e-17	4.19280019235188e-18	0	0	0	2.31301123290138e-18	3.20277631744646e-18	2.07942116794704e-18	1.4840918212924e-18	0	0	4.41823542201278e-18	1.03944495728568e-17
Class_switched_memory_B_cells	0.0121772690732109	0.0316224060118676	0.0145948039451234	0.0150747950939608	0.0200495613487855	0.00087999958198169	1.15313866744214e-18	0.0215430485214081	0.0176881594576101	0.00523864937264233	0	0.0122813246249846	0.0607345670025312	0.0136303836568773	0.003394912876258	0.0238303434693794	0.0014400417693903	0	0.00346531547075968	0.00854974809915326	0.00744455873218954	0.0544291553198539	0.0175936466473251	1.76940456492182e-18	0.018262858525995	0.0263791976626922	0.0224067678526588	0	0.0371082193553637	0.0155559467849958	0.0177511555717052	0.0228138376775814	0.0111593444470542	0.00383509261271263	3.05037205769644e-19	0.0573393701292878
CLP	0.00652569954537773	0.0261401966727448	0	0.0133895449543665	0.0288375906635399	0.0116562786330233	0.0299933501981066	0.0299495741422356	0.00208356162100139	0.0347597301468129	0.0387212467934298	0.021141681212902	0.01907734469565	0.0478954852343343	0.0077621445707295	0.0179017858066826	0.00477326673529372	0.0329958945001032	0.0128438674153089	0.0398720236415055	0.0112889885842682	0.0236555770485291	0.0163974254772416	0.0473299132056285	0.0131120026072135	0.0409547319728902	0.0100690098051868	0.0406124064054441	0.0360145924836028	0.030499078364799	0.0286785078399622	0.0367749252092161	0.00719684604291996	0.00867345517663765	0.0216218003895516	0.031752341015604
CMP	0	9.56309445773959e-19	1.99663988625241e-18	0	1.33408496229067e-18	0.0028544984963118	0.00353536152995731	0.000700152489422072	0.0283052307477196	1.48254660391759e-19	0.194751682921787	0.00681763679533891	0.0170577106682331	0.000900769855321524	0.0133479594502317	1.10691931492883e-18	0.0443522419808383	0.0197833144361985	0	0.0038969081139493	0.0282588855934173	9.41232063222452e-19	0.0206609837685694	0.0157539002777513	0.00483531575823891	0.0354139997732405	0.029680299852136	7.16858839117911e-19	0	0.0208231617255234	1.3106843575579e-18	0.00812942960758622	0.137487500811403	4.05652652866282e-05	0.0665711396620561	1.05338294493804e-19
DC	0.000387889248563177	0.00415052953198765	0	0	0.000574441867992256	0.0109044330300948	0	0.0033920332378708	0	0.0156787175898426	4.15921668276632e-19	0.00604909356157933	0.000663522881786219	3.57195611915767e-20	0.00305280785499067	0.00968819428731146	1.06378192891774e-20	0	0.000259734568878122	7.33599229735136e-20	0	0.00321112437574141	0.00397615310307818	4.18918251033671e-19	9.96146047302164e-05	0	0	0	0.000775245843558598	1.11003646685548e-19	0.00127319508454687	0.00424553080208886	1.72739250926048e-20	0.00255259017549293	0	4.36263668625845e-20
Endothelial_cells	1.64659369547753e-18	0.00697555584692766	0.036641530409232	0.000956762276607378	0	0.0136818573314933	0.0141349641405407	0	0.00740367111749631	0.0221755699329753	0	0.00251847863129129	0.000685035411078094	0.00157537579287077	0.0181133231211359	0.014654851953341	0.00695652000024758	0.000406330577562015	0.00272510897807654	0.0125726628023454	0	0	0.0124585174204607	0.000630001863120598	0.00105411183159752	1.91381477028513e-19	0.00190749191880064	0	0	0	0.0139282947647942	0.00416953424246883	0.000814531632903186	0.00932134588518876	0.000653109965895661	0
Eosinophils	0	6.54726029686796e-20	0.00209057470693496	3.81584836172273e-20	1.1246416529607e-19	0.00489942396624762	0	4.06449871364809e-19	0.00550141857444338	0	0.0281314316551765	0	3.37535960372153e-19	0	0	1.20158208134656e-18	0.00476059656101057	2.16964171033158e-18	0	0.00189207311050221	0.0243110763617906	0.00239396124717002	0.0154757555589407	4.38494555768832e-18	0	0	0.0198080542121929	0	0.0084783573343323	1.16196433212714e-18	0	0.00512462167153928	0.0386896558324499	5.53416726197753e-19	0.00970793319265007	0
Epithelial_cells	0.00621953292989776	0.00195433536830052	0.00496063502395492	0.00052020559305012	0.00141527858446239	0.00151441246526617	0.00354233413060621	0.000606385342777916	0	0.000640099950439139	0.014789009417715	0.00170562336031028	0.0168556041031933	1.93953998044966e-21	0.00341579164138116	0.00106643549079432	0.00943422280544755	0.00752265559754479	7.64311685909281e-22	0.00177344155698504	0.00963293916888305	0.00298015240723671	0.00200304649335119	0.0236260105668141	0.00350804802345955	0.000704828274145358	0.00557134094613955	0.000328515449620802	0	0.00828444756317962	0.0103383414649966	0.00767743470831079	0.00479377879323868	0.0126232040687059	0.000910720675735358	0.00221919037068543
Erythrocytes	2.07528140166447e-19	1.75995294461161e-05	0	0.000216629826268729	2.32850425414442e-20	0.00329223080938986	0.00674923821996867	0.000403400071865076	0.0305386519992746	0.00530494781709127	0.0199583544306923	0.000384120588352714	0.0321919118040673	0.000984660234237233	0.000317270304491547	1.34852068423378e-22	0.0236800194986429	0.00641298059261105	0.00840465795594934	0.00112421714115231	0.0188705554194852	0.000214235036744892	0	0	0.000551229017678986	0.0554066590939064	0.0297629060447482	0.00595732540701323	0.0010724257057101	0.0118956388017736	0	0.000148255681966261	0.00843551008207116	0.00387924808391964	0.0112142685918914	0.0031815618960258
Fibroblasts	6.79292568484523e-18	0.00193224749143124	3.13658294773113e-18	0.00352233604676531	0	0.0668602140164088	0	0	0.0501657926001903	3.99108529220059e-20	0	1.60442205261525e-17	0	1.02266794769638e-19	0	0.00294166060093371	5.1669598558582e-18	0	0	0	2.12413718585981e-18	0.00035388008601972	0	1.10137465139898e-17	0.00878611905448201	4.45768430957545e-18	0	1.12176410456713e-18	6.79307035244614e-18	0.0102532841802365	0	5.80135579842253e-19	0	0	4.71230030200441e-18	1.04973815109961e-17
GMP	5.8783662769735e-18	0.0655828763137794	0	0.0459083404197237	0.0253824825913403	0.016386747750996	0.0419990291284151	0.0389106781081899	0.113042858597601	9.65990886940099e-19	0.226365840196736	0.0419913554915746	0.0129227728365079	0.00902008796262293	0.0906146876655313	0.0303326498931911	0.135759935862414	0.0339154500955384	0.0227229625043056	0.0058500711480668	0.128252627571679	0.0302316338427144	0.109635100799131	0.081777409374692	0.0334064433271623	0.0575434423467419	0.0277151096517454	0.0212881316519209	0.00533479304348815	0.02455260424643	0.0181924019768598	1.80831438495646e-18	0.234971999957829	0.0254376915668519	0.109380038458665	0
Hepatocytes	2.83445332753384e-20	0.000497637792035192	0.00214931384772927	0.000391182031832915	3.29713372652485e-19	5.2743368209189e-19	1.82712601463766e-20	5.10483756578339e-19	0.000442107616539852	2.10837369184202e-19	6.55777361736236e-20	1.66804621497512e-19	1.85903831828554e-18	1.35703536707308e-19	0	0	0	0.0010123287989202	0.000337884540228327	0	9.72738035303768e-05	0.000418070105916136	6.0590232059502e-20	2.45448146647394e-18	0	0	0.00119485350039689	1.83729990475184e-22	0.00546793026907335	0	5.67532304907728e-19	0	0	0	4.3066134333834e-20	7.15451023988163e-19
HSC	0	0.0981882226615563	0.00120345387554569	0.129006003901144	0.0597479514730437	0.143610784652575	0.198342991561256	0.0505478181809981	0.114638098695329	0.133514641512519	0	0.073480947579234	0.110331757890649	0.0742431136415527	0.172227588379709	0.117144580991208	0.13360898265159	0.129056450981963	0.0857904606730153	0.112433817526617	0.0821654651410722	0.0679395171438378	0.142603564439922	0.0618830017786528	0.119045354384096	0.0322508560318895	0.0318083582130949	0.0323422782033437	0	0.0300640641480826	0.0822859152797999	0.0766016523432525	0.0582411021581752	0.139794036229396	0.113533126534086	0.0302024005414368
iDC	3.17349032447968e-17	0.0850510224714095	0.0794775814477394	0.0404982547627944	0.0109800335785217	0.176542104678812	3.70733004696453e-19	0.0178262647054277	0.0231517504071894	0.12727155386569	0.00850910230663914	0.11340745285064	0.0452247398923451	0.0418442021806171	0.0618154017745901	0.146972970182534	0.0252487097380874	0.00851773492586901	0.0632242179073969	0.00885877955351335	0.011144123637998	0.0871363836918646	0.173301996047149	4.81857709132769e-18	0.0539702408643046	0.0174703038707022	0.0425657775262018	0.0331426974843507	0.0642369899942899	0.032442332068582	0.102990196441302	0.0624573324579123	0.0380217483913942	0.0387524763622414	0	0.0446451523693874
Keratinocytes	8.11230629111043e-19	0.000651150237839759	0	0	0	0	0	0	0	0	3.73008956418582e-19	0	0.00147208504278614	0	5.31680250856072e-20	0.000509757263556934	0	1.28516847799781e-19	5.44983576758501e-19	2.75319138716967e-19	0	1.49401905328638e-19	0	0.000730896795062028	0	0	1.17062499545597e-18	2.38602395457199e-19	7.63083925542276e-19	0	0	0	5.08748908681795e-19	9.00190455613196e-20	1.42333810623748e-18	0
ly_Endothelial_cells	0.00187673465693487	8.98252848979434e-20	0.0220822289189476	4.47083185088344e-20	0	0.000210148006327094	0.00309278693921676	4.52136492478911e-20	0	0.0140017846423624	1.13424321618958e-19	2.83577833408108e-20	0.000212660232026841	0	0.0061766804014032	0.00359364556023036	4.94964534282666e-20	0	0.000338252193988244	0.00700600055212982	6.28495808319916e-19	0	0.00162546051342416	8.12013339050875e-20	0	0	1.29451729811616e-05	0	0	7.23517551814036e-19	0.00533921924891479	0.00546627375495054	0	0.00144035549057553	1.02048074859335e-19	0.000601407473076653
Macrophages	4.29197132964244e-18	0	2.07101224129946e-20	8.20416464382419e-19	0	0	1.33121971404939e-18	4.4704909365957e-20	1.43858116935643e-18	0	0.00401237270480913	1.64072885314709e-19	0	0	0	6.32986344402115e-19	5.13380879133018e-19	0.0139276823233621	0	2.36760131036388e-19	0.0116877606074426	0.00288662257572683	0	0	2.95017840519899e-19	0	0	1.10861787815552e-18	2.18730425368412e-18	0	0	0.00237302201967434	0	0	5.57939246262487e-21	0
Macrophages_M1	0.0146421858580822	0.000691123143732103	0.0104753064288508	0	0.00141004072532142	0.00240609551670812	0	3.92869283235239e-20	9.56522161384498e-20	8.76952896724869e-22	0	0.00155026689734007	0.000648226441926511	0.00132883356500177	0.00410710457370411	0.0021634840093336	6.11911793341185e-19	0.011381537981186	1.63366843977648e-18	8.65290784371829e-20	0.00616461398963861	0.00544209966494134	0.00188520626710934	2.24987013329834e-20	0	0	0	0	0	1.18120675569965e-19	1.79033052467013e-19	0.00362278627125716	2.92878400067412e-18	0	6.90724349530736e-19	0.00134888604555565
Macrophages_M2	0	0.00453734884674401	6.7712037488946e-21	0.00260736544064515	0.00309878930376544	2.71858171617442e-19	8.20387442829693e-19	0	0	0.00202808275455175	0.000413785012961752	0.00115820254603163	0.00787180326832036	4.21723412505336e-20	0.00162658883907378	0.00159069369188745	2.25250115205297e-18	3.59255744818305e-19	0	0.000411818429692269	0.00299126674381706	0.0171208045294881	0.0036270737778039	0	4.36265702508886e-19	0	4.68422074313126e-19	2.07172227013476e-19	2.11106786483659e-19	0	1.49711569203098e-19	0.00387008291910242	9.09886500433105e-20	0.000412293267010707	0.00179210801324017	0.00137875808451528
Mast_cells	0	1.39057015248498e-20	0	0.00200860427570711	0	7.89448632252033e-19	0	0.000381859918490203	0.00423496733900852	0	0.00585509306457879	5.02633845582324e-19	1.07649148630536e-18	0.000480814908904167	0.00234092642777652	7.9182947872143e-20	0.00262547363074965	4.27195881368439e-06	0.000220119911640729	0	0.00300994027680459	2.92101026267339e-05	2.13584836439229e-19	1.05846390391724e-19	0	0.00310564133617872	0	0.00219452983100075	0.00146615430485895	0.00503693905797529	0	2.4510100269804e-22	9.48199183044103e-19	4.29911696312404e-19	4.38669732098404e-19	0
Megakaryocytes	0	0.00389565370127544	0.0132666936479172	0.0038887878112356	0.0103078828782255	0.00213561249169509	0.0202175061778924	0	0.00225892178336835	0.000961456790368764	0.00868566025942593	0.00178683662532136	0.000920770169293935	4.64691753274792e-20	0.00227353347945026	0.00185585551767582	0.0216764712292649	0.0174772271564212	9.86143481966207e-19	0.000764485997319587	0.00730714974969643	0.00130392056067553	0.00622039071961386	0.0217287063735322	0.014645177851202	2.08131279711499e-18	0	0	5.93619199755284e-05	0.0164886168551106	0.00438359016402243	0.00410718973959846	2.14400446871869e-18	0.02615577606597	0.00927816994237778	0.000157691387992424
Melanocytes	0.00148896998483808	2.18215116290555e-19	0.00189026662545384	0.00215155108477408	2.69290415873558e-20	0	0	0.000344549472079329	0.00391474845498641	0.00101302206700974	4.53073433166911e-21	0.00189942676922631	0	0.00120658628468081	0	0.000176126215594788	0	0.00229841123889869	0.000869093604656983	0.000684658181573882	0	0.00090652632466013	0.000210361440710831	0	0.000598899699460278	0.000308348045346048	0.00191696972329761	0.00146125075279898	0	0.00101770084485828	0.000300631150809808	0.000746859527123698	0.000251039804146164	0.000204362179634976	0.000773651341220585	0
Memory_B_cells	0	0.0228964138548969	0.0344420202493803	0.00283270607334118	0.0238472338879417	0.00374317005099445	0	0.0161465763298851	0.00911727376995208	1.45900863024228e-18	6.1427125824608e-18	0.00842297574210466	0.03267322149786	0.00166548397797054	0.0243348629942225	0.0427735253191824	0	1.36042415700192e-18	0.00758552311961464	0.0114511072353715	2.99929398196776e-18	0.014171979487234	0.00117445248923188	3.6236200138786e-18	0.0251752225603969	0.013971642256524	0.0364811021289469	0	0	0.000287014748593868	0.0349634847265402	0.0477896348913042	1.48435470096535e-18	0.00425298146550843	0.0036496646715433	0.0485126187766241
MEP	0	0.0139665322608086	5.44726776020474e-19	0.00849580588437884	0.0328193543259694	0.0400900100080685	0.0320125222023387	0.00667088315663912	0.0329970195868408	0.0145424010792969	0.0223619246016996	0.0198697768554329	0.0357347450041773	0.0263078588915469	0	0.00832236127252442	0.0541514826367349	0.0507907311767654	0.0390085441326967	0.0144002881248253	0.0260450439725974	0.0217843555314367	0.0104808882934079	0.0209240171947977	0.0235986481408814	0.093500386481972	0.0381893527068603	0.0399659351856438	0.0169193134102921	0.0505890378626549	0.0347401336344909	0.0451898586071699	1.64169782180616e-18	0.0284100166001826	0.0272761127227461	0.0325117805368118
Mesangial_cells	0	0.000875724352047846	0.00349878190121557	1.95894703273045e-18	1.89279174080197e-19	0.00133788850317566	0	0	0	0	0	0	4.30996222150509e-20	0	0	0.00897933697192601	0	3.53338262237973e-18	7.91254951132587e-19	0.000850171060950651	0	0	0	0.00741842090391221	9.6256914581156e-05	0	0	5.04065388120871e-18	1.27179819001766e-19	0	7.71834808465684e-19	8.34217945058322e-19	0	0	3.49690129699427e-18	5.0982501452185e-19
Monocytes	4.623439906135e-18	0	0	4.12667861234387e-19	0.0166813151798085	0	6.30504394479854e-18	0	0	7.59735145999883e-18	0	0	4.77797323484217e-18	1.80816711267082e-18	1.42728160360922e-17	1.80732783230714e-18	0	0	5.31868991476692e-19	0	0.00306002504365356	0.0252856380858061	5.1976092842315e-18	0	0	1.07513883723642e-17	9.65215348552222e-18	0	1.69619355624301e-19	6.55227404353948e-19	0	0.00780849176827161	3.86718644191924e-19	5.15171655537639e-18	0.00860636518549138	0
MPP	0	6.47852113456057e-18	1.86588077013852e-17	0	0	0	7.35488169931379e-18	0	0	1.4685770288775e-19	0.0376789096516996	5.85892176193031e-18	1.85882085847895e-20	1.43642170309952e-17	2.83134901356256e-19	1.51288663633349e-20	5.80263965410654e-18	1.94944528539942e-17	2.07642595427837e-19	0	1.12382700316489e-17	6.07072376277598e-18	8.11817512345855e-18	0	0	0	0	3.41730462821433e-18	0	6.52798176082743e-18	9.56396910868427e-18	1.20844557726978e-17	0.00253984859466302	1.669231670269e-18	0	4.10313196029885e-19
MSC	0.25890674281847	2.90462145466089e-18	0.239693280030497	0.115958940481322	0.113364621952185	0.0138101437482996	0	0.0779846071091957	0.0367639319389639	0.0774897111700154	0.120884762018638	0.155399673805301	0.00582304058830764	0.0872805123830161	0.0406981879181387	0.0183520659890664	0.127729252966756	0.143814701818087	0.0760214821394916	0.0813414124755569	0.038804602404653	0.0718628381939419	0.0259699571340476	0	0.0308521861029053	0.200575427013007	0.0297406624680701	0.0526734474509492	0.082727493665492	0.103587986057305	0.142649166023572	0.0887010819880046	0.0983730989640389	0.0541880136513604	0.177126604323242	0.17653055044287
mv_Endothelial_cells	0.00516175072645284	0	0.0347225889322609	0.00273553377020706	1.29440238768117e-18	0	0.00530845999757063	1.19769933491342e-18	1.14161743926589e-18	0.00900751397868775	1.96625062811825e-20	5.82628755257077e-20	0	0.00028613569581429	0.0103236198304343	0.00776532268674499	6.72015165249653e-19	6.35661647831976e-19	0.000792617865221682	0.00841876588180848	1.40141792928676e-18	0.00108309266424423	0.00814871694185068	0	1.07257578945676e-18	0	0	0	0	2.64600906622381e-20	0.00765694466917553	0.00287396789907307	1.17666643371846e-20	0.00053463155571146	1.08526662412619e-20	0
Myocytes	7.82099959349042e-19	0.006152786095364	6.01727826688075e-19	0.000550620871505226	0.0120140795900896	0.00904741003316097	0.00604470624682767	0.00068004306503847	0.0121186373458247	0.00750629197003571	0.00572955635624768	0.002014329833859	0.00864112827300479	0.00596990779342195	0.00459799063492193	0.00176277097179262	0.0100456339334029	0	0.00538169478927706	0.00708056360562755	0.00400711178636816	0.000555613581998436	0.00206371793433352	1.13837905914501e-18	0.000515745855140495	0.0049117621768222	0.00414760472689418	0.00441918146261715	0	0.00238669492058596	0	0.0047490562239613	0.00034186552518341	0.00135589323093627	0	0
naive_B_cells	0.0176948147101597	0.018604122809137	0.0304589718334959	0.0165126117276072	0.0273901525439989	0.0125958784048604	1.16534532114445e-19	0.0321220541414608	0.0128135061462422	0.0166666690786284	1.51618532314773e-18	0.0307614264932213	0.0173609997899558	0.0185757159898321	0.0248211665407244	0.0359517750232335	6.97029902461333e-21	0.0209318448346223	0.0275413052877065	0.0311509990738143	0.00787288815420943	0	0.0199496369284279	2.65175265326569e-18	0.0379313047968758	0.00211555585767155	0.0515717516667399	0.0151711826420456	0.0116627732116261	0.00748886572573894	0.0437859068961304	0.0315718628003169	0.00395815425904509	0.0235222885240599	0.0111975629472304	0.0453809439691895
Neurons	0.00140430341574793	0.00461480205060147	0	5.4900808009428e-05	0	0	0	0.00133837949153048	0	0.00141136488530346	1.55094441439759e-20	0.000642690552251576	1.63448062105494e-20	0	0.000665055851705449	0	1.21970598422352e-18	7.65220513946294e-19	0	0	0	0	0	0.0308913180051537	0	3.93008576348461e-19	0.000194201573963951	0	0	8.12457226586321e-19	0.000940181504540013	0	0	0	0	2.64832543151719e-05
Neutrophils	0	1.37491478961255e-19	4.69700078341228e-19	0	0	2.50156874211101e-19	7.0832014354583e-19	0	0	0	0	2.0947859163753e-19	0	4.22191399597197e-19	0	0	2.53045908777863e-18	2.12185425329884e-19	0	0	1.25495516589565e-18	0	0	1.46188576265737e-18	1.94707469173417e-18	0	0.00180396407099866	0	2.66119863813751e-18	1.01096618867978e-18	0	0	0	1.51750010270308e-18	0.000199011781684253	0
NK_cells	0.0218111718131304	0	0	0.0414032060876386	0.0171917947320433	0.00448967245017251	0	0.0268341148361885	0.00381126819851942	0.0184048899888037	2.75949984349602e-17	0.0302100555149542	0	0.0106345494307553	0.00761860843068831	0.000993006896146458	0	0	0.0115171598241429	0.0267125840478943	0.00349674922187048	1.6428663397113e-18	0.000463185608061093	0.0117413574993988	0	0.0101073443158078	1.65401942241784e-17	0.0336403068305678	0.00191044295602747	0.0532421847754404	0.0132989624376315	1.57618535658757e-18	0	0	7.3531548191086e-18	0.0110434595305346
NKT	0.0060744840604951	0.00985907768766059	3.95215519831898e-19	0.031730394363328	0.00891165770843555	0.0149244118518455	0.00782002667786025	0.032336981947199	0.0393067383313032	0	0	0.027188756087928	0.0188175110491408	0.0626701512814972	0.00888151827352529	0	0.0186253070371039	0.078762237674628	0.0213036122423905	0.0135837327710839	0.00531052061961384	0.0801457025722889	0.0114630614248295	0.00548650534350538	0.0706111877878814	0.0160687906758243	0.0885917698958449	0.0518795209621966	0.122470969763403	0.0761222687526236	0.113156742768174	0.0296924343673911	0.0950627860858163	0.0292568220686394	0.022860659119264	0.0264988811665191
Osteoblast	4.57282569849425e-17	0	0	3.06122047341037e-18	6.26219342703061e-18	0.000707298317877925	3.55333200859265e-18	0	0.0111742081995218	2.08206596761868e-19	2.11697978374486e-18	0	0.00508199820719978	0	0.00579576207355024	0.00208218447108727	0	0	0.00686230049354205	0	0	0.011406909149986	0.00459273697072735	1.48757305882529e-17	0	0.00837635060276961	0.0741245690698971	0.00934118682804709	0	0	0	0	5.70893178407283e-20	9.85770337171591e-19	0	2.52838030602996e-18
pDC	0	0	3.28023222336225e-18	0	9.54921636412815e-19	1.14348352597105e-18	1.1505827413501e-17	0	2.61516394531625e-19	0	1.93853166050205e-18	2.55854513689951e-18	0	0	6.87722664244198e-19	1.20669987671325e-21	2.06264851041369e-18	3.52021336073935e-18	0	2.28349643837646e-18	0	6.83732658462205e-19	8.23349239550062e-19	4.71692630476251e-19	1.56002995801415e-18	7.00577465088678e-19	0	0	5.78402147173212e-20	1.25214423359343e-18	1.71824005729556e-18	0	0	0	2.03416876441843e-18	5.41901404117506e-19
Pericytes	0.0285815747496243	0.0241956030001552	0.0970398451490457	0.0622260304420924	0	1.77351910134324e-18	0.0550666788075853	0	0.0251493155091713	4.61273813771236e-18	0	0.0361025980354851	7.96420021345699e-18	0	0	0	4.44018319042322e-18	0.00969182363008284	0.0506029321154314	0.00723613541158277	0.0042579805148625	0.0440479190784253	0.0290337363130474	0	0.0285902558208352	1.23021693764999e-18	0.0408832923077864	0.00036518825135574	0.0268977617446627	5.58110162581385e-18	0.0366357384900948	0.0169355397821302	0.0357903038973455	0	0.00959875075726591	0
Plasma_cells	3.26222450004168e-19	0.00500575502969397	0.00787442247005286	0.00977841844665445	0.000458380772206648	0.00131212512958379	0.00190591966927818	0.0158596141663646	0.00901519925110055	0	0	0.0128700915577557	0.0165340651926956	0.00608479819530757	0.00779516581289025	0.0106928123023952	1.41420565326509e-20	0.00382253475176559	0.00300835043840014	0.00707688357197559	0.0144032305434093	0.00537285677236879	2.72852850672559e-20	0.00055670909496128	0.0162997631149366	0	0.00157730649963297	0.00431998856776146	0	0.0151599150380526	0.00419230235163566	0.00876675829392272	3.1291998951476e-19	0.0017700159589107	6.59706116554208e-19	0.00210943049933105
Platelets	4.9283448005115e-19	0.0300430036572595	0.062864367145724	0.00763504681884734	0.0407185243397848	0.00197467427831878	0.122490471889048	0.00605423770890756	0.0452230890597697	0.0117458922224062	0.00224876136528937	0.0011679136622703	0.0216563670949189	0.0150214955547192	0.0163148199195521	0.0171555751125909	0.112802884935514	0.0905305654456858	0.011008631893526	0.0370169508522963	0.0723423592188839	0.000341198703637164	0.0239173778163752	0.103878303925916	0.046919788310816	0.031835948153195	1.26631414410789e-19	0.00410825674420158	0.0298694055917518	0.103619009952119	0.0215109105572821	0.0209345107927109	9.16220908436287e-19	0.139225806235874	0.0175268820635134	0.00214468999246428
Preadipocytes	8.84800458765804e-19	0.0223312330819277	0.0138895949532121	0	0.0105216538421215	0.0253856366408424	0.0393407842694458	0.0163250248876319	0.0235073190617365	0.0150944416124972	0	0.0220813513248916	0.0284704314169221	0	1.83692535844032e-18	0.0145697792233844	0.0631972298006302	0.0116322528478991	0.0192145113227684	9.25052206846039e-20	0.0612181389038703	0.0413974904157928	0.00477483247169344	0.0480774234414784	0.0186448713274697	0.037863977352032	0.034391483113382	0.00986859750935787	0.00903398341923789	0.0583231263824852	3.88155272974101e-18	0	0	0.0347875719387877	0	0
pro_B_cells	0.00220904887920442	2.31757583883801e-18	0.00687120729310991	6.16506487014414e-18	0.00207097554276583	4.7494392907011e-18	8.78673235956185e-18	0	0.00502160239367577	0	0.0611751981314804	0	1.93802555450526e-19	2.54758640217658e-18	2.29036622320268e-18	0	3.35397167927907e-19	0	0	0	0.00375665187016707	0	4.27437008312619e-19	8.17393243952604e-21	2.61063202773216e-18	0.0373735424031384	1.69259070163395e-18	3.25680141727763e-18	3.41413358413958e-18	0.00423468236037655	9.56216371933026e-18	0.00139996663866154	0.0194597503710444	4.97063803802761e-18	0.00424676912421666	0.0005262765847778
Sebocytes	5.49120267928281e-20	0.00221671987167082	0	2.27480261424414e-20	0	0	0	0	1.42268033070782e-19	0	0	1.59455742618759e-20	0.000604210629639331	0	7.37064534907041e-21	0.0001364613168218	0	0	0	0	4.56296633878274e-20	9.00147349346125e-22	3.94515307575519e-21	0	0	0	0	2.09382314340141e-19	3.98421527311918e-19	1.17990389893336e-19	1.65546988407279e-20	1.34348683937311e-19	0	1.1926773207302e-20	0	0
Skeletal_muscle	0	0	0	6.26675085897498e-19	0	6.81931575996631e-20	2.67443365161084e-18	3.83305713035241e-19	0	7.44388979119201e-20	0.000664446358734163	5.53782850109507e-19	0	0	2.32004812060935e-19	0	0.000843164180274375	1.19025496424605e-20	1.7544622672033e-19	0	0	0	0	1.66856690589685e-18	2.01708489664997e-18	0	0	6.42120767430385e-19	4.40200290385221e-19	0	2.93910684883889e-18	0	1.55222248143362e-18	0	1.09092070605801e-18	0
Smooth_muscle	0	0.155174967263769	0	0.114968676069136	0.0723213882323621	0.167852799503391	0.136520760863025	0.0864130481410254	0.0361334148122722	0.0739844385480357	0.0230610170034886	0.0521506574731154	0.104100283333273	0.0933934531347416	0.112028591053235	0.17015998063764	0.0764567095821104	0.0822107176614514	0.0215419450911684	0.0686956751989596	0.0957448782470418	0.0378410107769786	0.0860311202907801	0.291528909433543	0.110649494242581	0	0	0.116092815320574	0.0311240396030811	0.127411989519803	0.0682507820817181	0.0458064150914402	0.00606063475432056	0.13025772017898	0.0145803458991179	0
Tgd_cells	1.64987102443275e-18	2.85176773011847e-18	0	0	1.96389474096474e-18	0	0	0	0.00253785908434719	9.53949155292198e-18	0	1.45746574079349e-19	0.00528670103077875	0	2.08295455722837e-19	1.82405104306682e-18	0.00370800726830558	7.39823917565138e-18	6.15626442391909e-19	0	0.00287139991588066	4.31429377942337e-18	5.78964188593206e-19	0.00147968805209013	0	0.0132999681768141	0	4.76663707789036e-20	0	0	1.06402137248764e-17	2.37884075352229e-19	3.63039374087925e-19	2.97133860366946e-18	0	0
Th1_cells	0.00307445765832929	0	0.0230843231807691	0.00644084579861932	0.00727777295427796	6.24894336988496e-19	0	0.0101956754707026	0	0.0342094587387201	0.00272814865761402	0.00659695937832321	1.92046913264634e-19	0.00430413652441522	2.24159036821264e-18	1.67295387516078e-18	0	0.0214141402655749	0.011182405890033	3.40142042105193e-19	0.00665498748642431	1.58204742251783e-18	6.3268215059043e-19	0.00927629206374372	5.70604058335504e-18	0.0301192256209107	0	0.0486164510355158	1.30892218196462e-18	0.0168427762705691	0	0.00274380789915898	0.00355609049562987	0	2.6398867768423e-18	0.0150124387383159
Th2_cells	0.00269725456984707	5.88825244438132e-18	0	2.80045865939173e-18	0	0.0328625768247613	1.08149244392397e-18	0.0124012593511118	4.27564985910628e-19	0	0.0697310931083466	0.00793269486852436	2.18632489137202e-18	1.14141892476716e-19	0.00898820841456014	0	2.03530135623068e-19	0.0567615780458183	0	0	0.0333466092616326	0	0.000141778153630148	0.0371865996523707	0.0246842088277597	0.0197382779182261	0	0	6.57709501756767e-18	0	9.94976767770831e-18	2.71784788327665e-18	0.0143870259417304	0.0205968716343543	1.80679557715691e-18	0
Tregs	0	0.0318946897514015	0	4.11961220371128e-18	0	0	0.0105062650107829	0.0106388559143684	9.09232048364412e-19	0.00350542216101493	0	0.00888999604598172	0.040271467050664	5.28539430353273e-21	0.00920603465947587	0.00707028425062655	0.0222065500629336	0.00211461541502975	0	2.86343877140321e-18	0.0309458401315686	0.0184248159956189	0.00826283957848822	0.0218289699563934	7.08616181539531e-19	0	0.0135403700374368	0.00433996777441895	0.047342634889576	0.00964622405251725	0.0242185238280398	0.0109792793260193	0.00221858866882753	0.0127896756952142	0.0194470620262185	0.0360423731324471
