Control Mean	Case Mean	FDR	P.Value	log2FC	name
NA	NA	0.663689202486188	0.997746639847147	-1543.11582001752	hsa-miR-720
NA	NA	0.481867205040531	1.93109434424708	-1254.36803569086	hsa-miR-21
NA	NA	0.602165759429625	1.28723125392825	-561.299482615652	hsa-miR-1274b_v16.0
NA	NA	0.0128613843790603	10.3229015828287	-434.83450941751	hsa-miR-22
NA	NA	0.49049476584475	1.87753213898654	417.189357049452	hsa-miR-923_v12.0
NA	NA	0.141841332422543	5.03384132126611	-304.676165692919	hsa-miR-24
NA	NA	0.647881178466837	1.10676716134833	-248.647782850821	hsa-miR-1260
NA	NA	0.160739155113135	4.64482274326529	-230.459131384708	hsa-miR-23a
NA	NA	0.663111163147856	1.00822708165211	221.869334203878	hsa-miR-29b
NA	NA	0.205087626141557	4.08825973799393	-164.206624834251	hsa-miR-27a
NA	NA	0.00740767970120387	11.8228789261654	-164.084489398162	hsa-miR-199a-3p
NA	NA	0.00740767970120387	12.361232652345	-150.230827953538	hsa-miR-145
NA	NA	0.125199712537709	5.28174733069897	-139.293164046901	hsa-miR-125b
NA	NA	0.6562799813588	1.04080836002123	128.177048891254	hsa-miR-200b
NA	NA	0.521666187803589	1.73429773171042	-117.489459215343	hsa-miR-27b
NA	NA	0.469462611436446	2.09862043833497	-111.657780213792	hsa-miR-23b
NA	NA	0.199173991910995	4.16396118029421	-111.029302846227	hsa-miR-886-3p_v15.0
NA	NA	0.765410528340478	0.613217270449378	-102.248210076679	hsa-let-7f
NA	NA	0.611164112074975	1.2597682564646	100.480211507188	hsa-miR-20a
NA	NA	0.553007735536105	1.57632365687351	94.7580345221379	hsa-miR-141
NA	NA	0.00740767970120387	11.8434113195948	-94.5502455265164	hsa-miR-199a-5p
NA	NA	0.417780831353328	2.35280342891856	93.6984351008193	hsa-miR-638
NA	NA	0.0119448978588884	10.4591319765115	-93.4636351214007	hsa-miR-130a
NA	NA	0.667860882137261	0.980152480759045	89.1583042079126	hsa-miR-19b
NA	NA	0.011081243959824	10.6462890685319	-88.6577390100183	hsa-miR-30a
NA	NA	0.710749459081794	0.803605060920583	87.9457825292869	hsa-let-7b
NA	NA	0.879449451875629	0.302085569530578	84.5301252487431	hsa-miR-29a
NA	NA	0.207137718964965	4.0170361390158	-78.9265389121332	hsa-miR-26a
NA	NA	0.0364545468968666	8.24334783128042	-74.8320529210201	hsa-miR-10b
NA	NA	0.479543108231689	1.95921225777796	74.4304477568248	hsa-miR-1915
NA	NA	0.00740767970120387	11.7049061465317	-71.2402984141934	hsa-miR-376c
NA	NA	0.285147279247091	3.31887996109868	69.6807932625912	hsa-miR-1246
NA	NA	0.559935859502355	1.52095769032807	62.8816605775256	hsa-miR-200c
NA	NA	0.578606997802301	1.42533793976821	61.9806396844446	hsa-miR-31
NA	NA	0.00740767970120387	12.4942521247012	-58.1759455443573	hsa-miR-127-3p
NA	NA	0.00740767970120387	12.509495201504	-57.5195986868449	hsa-miR-377
NA	NA	0.199648631462605	4.15047719180703	-56.2234711632245	hsa-miR-34a
NA	NA	0.614586359193979	1.2418119881362	55.7596008629328	hsa-miR-19a
NA	NA	0.00740767970120387	12.0367299584842	-55.5442902390812	hsa-miR-376a
NA	NA	0.182088261370207	4.35309145518899	-53.5953545312544	hsa-miR-424
NA	NA	0.40407793306623	2.43003680465449	-52.9772750255858	hsa-let-7e
NA	NA	0.00740767970120387	12.8452624218672	-48.9598868392847	hsa-miR-214
NA	NA	0.790502333458202	0.545254737040254	-47.3602841009179	hsa-miR-1274a_v16.0
NA	NA	0.583904399807658	1.40087884253888	46.7995762101167	hsa-miR-31*
NA	NA	0.629289825773446	1.17249741782769	46.2953757567262	hsa-miR-17
NA	NA	0.654793875171859	1.07687145298626	45.7862776717427	hsa-miR-106b
NA	NA	0.667860882137261	0.977348817908766	45.7121451258358	hsa-miR-429
NA	NA	0.837800260636736	0.425902597311298	-43.3833756326204	hsa-miR-16
NA	NA	0.509066702881302	1.79988079238604	42.6291271387119	hsa-miR-7
NA	NA	0.629289825773446	1.17343597665399	42.6216106260657	hsa-miR-200a
NA	NA	0.0712261893588279	6.54687837767319	-42.0177341170088	hsa-miR-30c
NA	NA	0.664163020744784	0.993696829417614	-41.8478107050172	hsa-let-7d
NA	NA	0.40407793306623	2.42738837313046	39.4986046386314	hsa-miR-630
NA	NA	0.656271718581267	1.05263400822447	-38.5743810165438	hsa-let-7g
NA	NA	0.685697216029035	0.924695114993543	-38.3185202619343	hsa-miR-451
NA	NA	0.479543108231689	1.97534618520772	38.1060647972272	hsa-miR-96
NA	NA	0.716554885796613	0.763288554173655	36.9842246963119	hsa-miR-372
NA	NA	0.699669085107041	0.860806140844204	-36.572176617385	hsa-miR-221
NA	NA	0.479543108231689	1.94949593930177	-36.1207550700328	hsa-miR-30b
NA	NA	0.0196801216664585	9.49770427833529	-35.0612438165091	hsa-miR-487b
NA	NA	0.477110545619882	2.01777336423467	34.8041935934945	kshv-miR-K12-3
NA	NA	0.647881178466837	1.10671750110983	33.0823583134562	hsa-miR-25
NA	NA	0.663689202486188	0.999008448283539	32.7618944662646	hsa-miR-92a
NA	NA	0.659013439584429	1.0295183292103	30.7366485127902	hsa-miR-93
NA	NA	0.00740767970120387	12.6800106540223	-29.0188184692982	hsa-miR-143
NA	NA	0.125199712537709	5.29461375392772	-28.7017237747679	hsa-miR-181a
NA	NA	0.00740767970120387	12.2759367097037	-28.6411578572354	hsa-miR-495
NA	NA	0.103881915343873	5.74551845125305	-28.6338594049635	hsa-miR-365
NA	NA	0.652056141522559	1.08890123425016	-28.0668676118613	hsa-miR-1280
NA	NA	0.776863635792055	0.583830379333032	-27.6409417934599	hsa-miR-103a
NA	NA	0.148327072308879	4.91114486623103	-25.4248884574949	hsa-miR-455-3p
NA	NA	0.471276229503338	2.08913084579103	-25.2532528056204	hsa-miR-1826_v15.0
NA	NA	0.577002459891409	1.43471229636376	-24.3164697209624	hsa-miR-324-3p
NA	NA	0.27415124003259	3.41163619924442	-24.1002645266022	hsa-miR-494
NA	NA	0.710749459081794	0.81111506744697	24.0628730147569	hsa-miR-192
NA	NA	0.00740767970120387	11.9562701535618	23.9974315701359	hsa-miR-126
NA	NA	0.379986222307558	2.60207734858422	-22.7785179084124	hsa-miR-125a-5p
NA	NA	0.00740767970120387	12.2280599793313	-21.9262407573504	hsa-miR-409-3p
NA	NA	0.00740767970120387	11.7626063989706	-21.8882974796744	hsa-miR-493*
NA	NA	0.00740767970120387	12.635824197821	-21.1666942047949	hsa-miR-410
NA	NA	0.00740767970120387	12.5660435138447	-21.1382582330237	hsa-miR-654-3p
NA	NA	0.0237016756723206	9.16532402158212	-19.8836325970657	hsa-miR-574-3p
NA	NA	0.0558932985188266	7.2812747177284	-19.5412095991952	hsa-miR-136
NA	NA	0.205264382260552	4.05149066929603	19.4186601368942	hsa-miR-1268
NA	NA	0.211921813004742	3.96363023181461	18.8631922147171	hsa-miR-671-5p
NA	NA	0.00740767970120387	12.295195565633	-18.6485553524325	hsa-miR-490-3p
NA	NA	0.125199712537709	5.27276535055072	18.5679899975621	hsa-miR-181d
NA	NA	0.6562799813588	1.04478784202651	-18.1837763817518	hsa-miR-574-5p
NA	NA	0.758385886264134	0.63922698225717	-17.930724754259	hsa-miR-29c
NA	NA	0.728582575882243	0.728190604243208	17.6827932617245	hsa-let-7c
NA	NA	0.70947859727795	0.817481181624333	17.5880796255164	hsa-miR-373
NA	NA	0.0152479817406206	9.95602293029996	-17.5391515201113	hsa-miR-337-5p
NA	NA	0.660763198687071	1.02319438767654	17.4360360900511	hsa-miR-203
NA	NA	0.602165759429625	1.2854574228025	17.280102347396	hsa-miR-20b
NA	NA	0.00740767970120387	11.7700605157134	-17.1850031902956	hsa-miR-381
NA	NA	0.663689202486188	0.996759821985976	-16.102888552792	hsa-miR-30d
NA	NA	0.85103323371699	0.383180117695017	-15.9958409272228	hsa-miR-107
NA	NA	0.966834733483839	0.0687717565075861	-15.7570071209307	hsa-let-7a
NA	NA	0.479543108231689	1.99911959134497	15.3954253616732	hsa-miR-183
NA	NA	0.205087626141557	4.08385339532412	-15.2934975155329	hsa-miR-193b
NA	NA	0.00740767970120387	11.634098016453	-14.4996467930821	hsa-miR-152
NA	NA	0.90648787342255	0.241303089525105	-14.0085359787426	hsa-miR-10a
NA	NA	0.479543108231689	1.9769428154306	-13.9332600999106	hsa-miR-99b
NA	NA	0.79048258825926	0.550617653233793	-13.3390382635872	hsa-miR-100
NA	NA	0.790502333458202	0.548400188859258	-13.2579223485329	hsa-miR-15a
NA	NA	0.00740767970120387	12.8874010205448	-13.0990858542201	hsa-miR-379
NA	NA	0.0611730625712557	6.99905043677978	-13.0180745435551	hsa-miR-28-5p
NA	NA	0.648143892758852	1.10399052367488	12.8771370368876	hsa-miR-18a
NA	NA	0.717128955945955	0.756624371046139	12.8639116343595	hsa-miR-194
NA	NA	0.601825828423802	1.30895430633192	-12.8600394353613	hsa-miR-374a
NA	NA	0.273751223072033	3.42663141834185	12.5636334550182	hsa-miR-483-5p
NA	NA	0.563276752409708	1.49849436847789	12.1196931540511	hsa-miR-148a
NA	NA	0.0376689055229571	8.08502663906932	-11.9698180071058	hsa-miR-582-5p
NA	NA	0.0899782677674992	6.01834406642775	-11.7888982806168	hsa-miR-432
NA	NA	0.699669085107041	0.861483844290639	-11.7870630444106	hsa-miR-26b
NA	NA	0.7147704540575	0.782000614521209	11.4728798341296	hsa-miR-371-3p
NA	NA	0.942948895963092	0.144346561976164	11.2559710420151	hsa-miR-15b
NA	NA	0.620352167436331	1.21032275655575	-11.0031664200684	hsa-miR-331-3p
NA	NA	0.00740767970120387	11.980290192306	-10.8895971301022	hsa-miR-299-5p
NA	NA	0.486184669402993	1.89581431181822	10.8268357807299	hsa-miR-196a
NA	NA	0.784520414667643	0.566886970522588	-10.5902390656934	hsa-miR-1202
NA	NA	0.434627277730579	2.25376347985865	10.3962874105584	hsa-miR-135b
NA	NA	0.00740767970120387	11.6951606524411	-10.1611838251493	hsa-miR-30a*
NA	NA	0.00856563104909299	11.2076136996177	-10.1229608711077	hsa-miR-543
NA	NA	0.479543108231689	1.96115490977275	-10.113134017365	hsa-miR-1305
NA	NA	0.710749459081794	0.807778193089171	9.83161211173102	hsa-miR-499-5p
NA	NA	0.0951331721128367	5.91133704873812	9.80757367376095	hsa-miR-584
NA	NA	0.43920858229746	2.23545470983923	9.60110898797993	hsa-miR-572
NA	NA	0.00856563104909299	11.2772898726851	-9.32175339767153	hsa-miR-154
NA	NA	0.0095793098614087	10.9369877213801	-8.80731501528649	hsa-miR-337-3p
NA	NA	0.00740767970120387	11.7916005759653	-8.7731008039927	hsa-miR-136*
NA	NA	0.00740767970120387	13.6870684493457	-8.61477157700365	hsa-miR-409-5p
NA	NA	0.00934821440816404	11.00136496443	-8.60848195602007	hsa-miR-376a*
NA	NA	0.0639838736801633	6.80207295758766	8.53517199375912	hsa-miR-223
NA	NA	0.00740767970120387	11.8739292998434	-8.40974731149453	hsa-miR-154*
NA	NA	0.701185313525261	0.846017048330566	8.08525480877504	hsa-miR-215
NA	NA	0.599713062196049	1.32031541362335	7.80759299051095	hsa-miR-1207-5p
NA	NA	0.274465532915892	3.40043445113067	-7.77202347660766	hsa-miR-210
NA	NA	0.0609076230237962	7.02957168505199	-7.66182749450182	hsa-miR-34b*
NA	NA	0.00662837146797612	15.2719144206837	-7.64825908852555	hsa-miR-652
NA	NA	0.960364561188846	0.0847043350495425	7.48096818465334	hsa-let-7i
NA	NA	0.086613744621088	6.15387068573717	-7.45517352405474	hsa-miR-144
NA	NA	0.360215093156075	2.7114261899892	-7.30002776993978	hsa-miR-212
NA	NA	0.0376689055229571	8.06957714457157	7.22201227743248	hsa-miR-654-5p
NA	NA	0.531105190368989	1.67416964786518	-6.98991815394398	hsa-miR-361-5p
NA	NA	0.69432211791736	0.879681270916576	6.87550729518795	hsa-miR-224
NA	NA	0.46282269822364	2.13158143897622	6.84766660930474	hsa-miR-142-3p
NA	NA	0.663689202486188	0.999759344135676	-6.77140581039598	hsa-miR-374b
NA	NA	0.0249562933496503	9.07015084762887	-6.67902933060219	hsa-miR-542-3p
NA	NA	0.716554885796613	0.775411006564445	-6.6072242035573	hsa-miR-130b
NA	NA	0.0181250295530566	9.65784333214954	-6.47247854378467	hsa-miR-376b
NA	NA	0.54926332979412	1.59220654048878	6.4264270279781	hsa-miR-1290
NA	NA	0.0423193580412787	7.84221904605226	6.34556930105839	hsa-miR-623
NA	NA	0.0228864761851792	9.23687934693771	-6.26995145573358	hsa-miR-382
NA	NA	0.472444190908808	2.05259669720288	-6.06427009600182	ebv-miR-BART13
NA	NA	0.86591381305801	0.334493156523498	-6.05405270687042	hsa-miR-320b
NA	NA	0.241023215022514	3.69411765424387	6.00363643890511	hsa-miR-188-5p
NA	NA	0.00740767970120387	12.6428612791298	-5.65146137376759	hsa-miR-758
NA	NA	0.660763198687071	1.0200726362119	5.64197883013522	hsa-miR-338-3p
NA	NA	0.0647522596775571	6.74709140057119	-5.60655044159489	hsa-miR-132
NA	NA	0.00856563104909299	11.1716600586612	-5.55135779367701	hsa-miR-490-5p
NA	NA	0.00856563104909299	11.2239604273155	-5.40263781730109	hsa-miR-411
NA	NA	0.926096107411679	0.190079640271695	-5.18933085928289	hsa-miR-320d
NA	NA	0.185452643296118	4.31717392474107	5.17824684408942	hsa-miR-122
NA	NA	0.075823123659505	6.40637508659743	-5.14776100560584	hsa-miR-503
NA	NA	0.0376689055229571	8.07868898147241	-5.07293929578285	hsa-miR-1295
NA	NA	0.00740767970120387	11.7102117608282	-5.05201716467883	hsa-miR-431
NA	NA	0.564805168412223	1.47998763161335	4.94433184736661	hsa-miR-29b-1*
NA	NA	0.401061938508431	2.44812659627772	4.74228660218614	hsa-miR-1275
NA	NA	0.162332122893053	4.60602139592385	4.66366805943503	hsa-miR-1306
NA	NA	0.818589378765536	0.472025975501274	-4.63845283866788	hsa-miR-1225-5p
NA	NA	0.00856563104909299	11.1572435948172	-4.48606877348723	hsa-miR-370
NA	NA	0.886798918233749	0.285090065399458	-4.44865955289324	hsa-miR-222
NA	NA	0.710749459081794	0.792537198241562	4.42368797729927	hsa-miR-590-5p
NA	NA	0.00701646271588655	14.6526596170165	-4.4199669207573	hsa-miR-485-3p
NA	NA	0.097504259972754	5.85833285432386	-4.328386321802	hsa-miR-134
NA	NA	0.108841044554214	5.60080197877044	-4.27283537987591	hsa-miR-770-5p
NA	NA	0.102878058326947	5.77226983079286	-4.26216389277007	hsa-miR-455-5p
NA	NA	0.185560921935957	4.31066308651635	-4.25681113449307	hiv1-miR-TAR-3p
NA	NA	0.503874797130684	1.82492515602808	4.21740500845073	hsa-miR-595
NA	NA	0.776863635792055	0.582823197145039	-4.20934961965146	hsa-miR-181b
NA	NA	0.0899782677674992	6.0290493624791	4.11900795951459	hsa-miR-1224-5p
NA	NA	0.00856563104909299	11.2565829860016	-4.1017654880938	hsa-miR-299-3p
NA	NA	0.0622477985669268	6.93830021583605	-4.07583018439836	hsa-miR-450a
NA	NA	0.800905020317761	0.522852937637603	-4.05221502227737	hsa-miR-1299
NA	NA	0.337021781871416	2.86663877804675	3.95645173813868	hsa-miR-765
NA	NA	0.00740767970120387	11.6298158178091	-3.80453270457847	hsa-miR-181a-2*
NA	NA	0.0724185375614333	6.50260715769643	3.70055698357665	hsa-miR-1228
NA	NA	0.69432211791736	0.875783503630087	3.69081911484672	hsa-miR-101
NA	NA	0.00662837146797612	15.1121111758051	-3.61661086416788	hsa-miR-323-3p
NA	NA	0.00701646271588655	14.0821822339	-3.52119460988467	hsa-miR-487a
NA	NA	0.0422258566885358	7.87085523602318	-3.51930485236734	hsa-miR-542-5p
NA	NA	0.00740767970120387	11.6425544821025	-3.48174802147281	hsa-miR-329
NA	NA	0.854697939995459	0.365092866038847	-3.45739794504563	hsa-miR-1308_v15.0
NA	NA	0.841168525204216	0.406838151075669	-3.42340888541971	hsa-miR-196b
NA	NA	0.854667909562556	0.371924744832752	-3.39569160771167	hsa-miR-301a
NA	NA	0.688953094724095	0.90779716702737	-3.31395929847445	hsa-miR-148b
NA	NA	0.85872935401503	0.349982236745533	-3.29602398520621	hsa-miR-98
NA	NA	0.622386327899684	1.19715530013984	3.18133702955693	hsa-miR-17*
NA	NA	0.0313548989732169	8.54821857137358	-3.1740261620438	hsa-miR-383
NA	NA	0.00740767970120387	12.7277812319445	-3.14983546441971	hsa-miR-433
NA	NA	0.381683414970157	2.5850528435667	-3.02720283910256	hsa-miR-1913
NA	NA	0.931307084938594	0.175136123525552	-2.88386710975949	hsa-miR-151-5p
NA	NA	0.00740767970120387	12.6315267253347	-2.82980212794891	kshv-miR-K12-12*
NA	NA	0.0611730625712557	7.0053064196481	-2.82099877385949	hsa-miR-34c-5p
NA	NA	0.627400549306551	1.18338799523157	-2.67812173565511	hsa-miR-197
NA	NA	0.00146615706288878	19.2887259710588	2.61273444834489	hsa-miR-126*
NA	NA	0.479543108231689	1.96471048825882	2.49288650687226	hsa-miR-1180
NA	NA	0.259368336373169	3.53650485721824	-2.4384619437938	hsa-miR-22*
NA	NA	0.301450399744726	3.14201540142065	-2.40467470322993	hsa-miR-1181
NA	NA	0.011081243959824	10.6501745986661	2.40433222484672	hsa-miR-520d-3p
NA	NA	0.106315897177172	5.6786589069952	2.37827821561496	hsa-miR-498
NA	NA	0.289425016846491	3.26770483548958	-2.35533618404015	hsa-miR-193a-3p
NA	NA	0.0421077054569605	7.89016442378116	-2.34976443215876	hsa-miR-369-5p
NA	NA	0.00662837146797612	15.8128640938668	-2.34602134619708	hsa-miR-34b
NA	NA	0.337021781871416	2.86814504924233	-2.33692584087592	hsa-miR-1234
NA	NA	0.652230073484712	1.08638701598326	-2.31574332773358	hsa-miR-513a-5p
NA	NA	0.479543108231689	1.9475510461938	-2.30591043420803	hsa-miR-1288
NA	NA	0.229052701747539	3.81007520129224	2.29450023867153	hsa-miR-150
NA	NA	0.0140859609537069	10.1176889531262	2.27245940625894	hsa-miR-526b
NA	NA	0.0137671026326532	10.174969520266	-2.25218063022445	hsa-miR-1271
NA	NA	0.0312009472699568	8.58680046733284	-2.23211238070073	hsa-miR-145*
NA	NA	0.137203432041732	5.10396825209275	2.22911444052117	hsa-miR-1307
NA	NA	0.370028872193258	2.66181317197994	-2.21698526112591	hsa-miR-1226*
NA	NA	0.685697216029035	0.923482750864886	2.21456750642154	hsa-miR-155
NA	NA	0.148327072308879	4.85604354302882	-2.13517504866377	hsa-miR-539
NA	NA	0.46868238154185	2.10411273507322	-2.12641886180037	hsa-miR-500a
NA	NA	0.321148001369569	2.99010916847076	-2.04674192726204	hsa-miR-181c
NA	NA	0.577002459891409	1.43535240700118	2.01220319189051	hsa-miR-371-5p
NA	NA	0.544664471916253	1.61968471767651	-2.01182775858942	hsa-miR-892b
NA	NA	0.011081243959824	10.6158301905266	-2.0004994737281	hsa-miR-214*
NA	NA	0.486184669402993	1.89812293042142	1.99498436379161	hcmv-miR-US4
NA	NA	0.250227837346861	3.61194000932902	-1.96858106526752	hsa-miR-342-3p
NA	NA	0.602165759429625	1.30094760032631	1.93174290389088	hsa-miR-18b
NA	NA	0.621510558181352	1.20138098232239	-1.91757014694526	hsa-miR-186
NA	NA	0.404295216937609	2.42327709207819	1.88980670627737	hsa-miR-33b*
NA	NA	0.423989478943357	2.31846511061144	1.86748826949453	hsa-miR-520c-3p
NA	NA	0.120994023941604	5.40627381165579	-1.83032354297628	hsa-miR-195
NA	NA	0.817161108376962	0.479968294919372	1.77831057703102	ebv-miR-BART16
NA	NA	0.0741747478302514	6.45798441896098	1.73773353722628	hsa-miR-191*
NA	NA	0.559935859502355	1.52463626195759	1.72702987976642	hsa-miR-193a-5p
NA	NA	0.566751373648148	1.46778126708939	-1.68165180723832	hsa-miR-744
NA	NA	0.0635372187415241	6.85123559807949	-1.68159349493212	hcmv-miR-UL36
NA	NA	0.739724653653016	0.696070265005191	-1.67485351436314	hsa-miR-1914*
NA	NA	0.667860882137261	0.975051586558427	1.66539350729197	hsa-miR-7-1*
NA	NA	0.62004868564766	1.21801421035206	1.65681371314489	hsa-miR-378
NA	NA	0.350125362596083	2.76552014184752	-1.62068130916241	hsa-miR-30e*
NA	NA	0.0639838736801633	6.80132499620096	-1.6206012967792	hsa-miR-1285
NA	NA	0.205264382260552	4.05944223804282	1.58575066507299	hsa-miR-1238
NA	NA	0.0790092723057582	6.32736219794583	1.56773707955474	hsa-miR-548m
NA	NA	0.619878436879649	1.2208260447239	-1.56763504114234	hsa-miR-335
NA	NA	0.856347860678827	0.360620223990767	1.54287230558212	ebv-miR-BART12
NA	NA	0.827184149851496	0.451733374693806	-1.52957452540037	hsa-miR-128
NA	NA	0.0327138558135839	8.46317900270087	1.52849611627737	hsa-miR-548d-5p
NA	NA	0.0669648935954999	6.67740049485939	1.51475886241058	hsa-miR-520f
NA	NA	0.864692421559333	0.338208076286905	-1.50317559137408	hsa-miR-575
NA	NA	0.113514355443766	5.52218158862557	1.49460399010055	hsa-miR-548f
NA	NA	0.199004138891401	4.1706880047272	1.48639883591241	hsa-miR-1183
NA	NA	0.0376689055229571	8.10150643129374	1.47849959206204	hsa-miR-548b-5p
NA	NA	0.181140000813095	4.36826071942911	-1.47549168412591	hsa-miR-23a*
NA	NA	0.557484788688343	1.55055885595141	1.47282230534854	hsa-miR-206
NA	NA	0.0639838736801633	6.79673508003989	1.45412869894343	hsa-miR-190b
NA	NA	0.667860882137261	0.973546049932311	1.42099555312774	hsa-miR-200a*
NA	NA	0.0144886625951054	10.0531757696677	-1.41528496187044	hsa-miR-889
NA	NA	0.483997818520067	1.90788842724157	1.40806268339416	hsa-miR-1825
NA	NA	0.291421787276234	3.23173593616434	-1.39485283300548	hsv1-miR-H2*
NA	NA	0.339305668630912	2.84560927423568	-1.38712151831569	hsa-miR-629*
NA	NA	0.663111163147856	1.00984414230187	1.38095034153704	hsa-miR-200b*
NA	NA	0.563235403215292	1.50444438929237	-1.37795976316788	hsa-miR-24-1*
NA	NA	0.0529015922284818	7.45731490954789	1.35541062207847	hsa-miR-520g
NA	NA	0.40077713578735	2.45601697734937	1.34727337076277	ebv-miR-BART3*
NA	NA	0.0500250609088052	7.56682989864061	1.34235140370438	hsa-miR-553
NA	NA	0.0602988253740863	7.09913673631641	1.33681132496533	ebv-miR-BART15
NA	NA	0.346415360543428	2.80078019494843	-1.33165667626642	hsa-miR-650
NA	NA	0.710749459081794	0.797672072648998	1.31803049514416	hsa-miR-1287
NA	NA	0.157311127164143	4.73335856718571	-1.31509006989781	hcmv-miR-US33-3p
NA	NA	0.148327072308879	4.86471646156358	1.31038410577737	hsa-miR-515-3p
NA	NA	0.00701646271588655	14.0922846634714	-1.30044679349088	hsa-miR-497
NA	NA	0.923843436794247	0.201358503476688	-1.29492973275548	hsa-miR-30e
NA	NA	0.0423193580412787	7.8376069524229	1.29101776618248	hsa-let-7f-1*
NA	NA	0.0336377516142396	8.39371682865117	1.26636913853285	hsa-miR-548n
NA	NA	0.00856563104909299	11.3839721422941	-1.26504092733394	hsa-miR-509-3-5p
NA	NA	0.108841044554214	5.61467146617467	1.26016329011679	hsa-miR-129*
NA	NA	0.199648631462605	4.13910432607269	-1.25541082185328	hsa-miR-138-2*
NA	NA	0.011081243959824	10.6398744110475	1.25256074122263	hsa-miR-520b
NA	NA	0.656271718581267	1.05037791693307	1.24528954631204	hsa-miR-182
NA	NA	0.430027946272838	2.28190738835936	1.23394348981387	hsa-miR-631
NA	NA	0.602165759429625	1.28534455725493	1.22373282457318	hsa-miR-9
NA	NA	0.52973304423996	1.68591146123586	-1.22345873759854	hsa-miR-874
NA	NA	0.931417813951082	0.173349946486331	-1.21716325041004	hsa-miR-324-5p
NA	NA	0.273024585646336	3.4440771199982	1.2145319054489	hsa-miR-184
NA	NA	0.173941523070716	4.46166913169106	1.21386481733942	hsa-miR-601
NA	NA	0.561652048394052	1.51247595147824	-1.20921299117518	hsa-miR-486-5p
NA	NA	0.0630889885835942	6.8727646283665	1.19458215243066	hsa-miR-29a*
NA	NA	0.0371068753476302	8.16771939741817	-1.1883852632719	hsa-miR-582-3p
NA	NA	0.075823123659505	6.40696505125094	-1.17846738014416	hsa-miR-921
NA	NA	0.790502333458202	0.546810406514033	-1.16369202934161	hsa-miR-140-3p
NA	NA	0.01711096944586	9.76663611388421	1.16355297663814	hsa-miR-557
NA	NA	0.479543108231689	1.97181540950225	-1.16019783234745	hsa-miR-202
NA	NA	0.208220402681597	3.9992466506817	1.15841713083577	hsa-miR-296-5p
NA	NA	0.0607869590362226	7.052802117042	1.14984660812044	hsa-miR-135a
NA	NA	0.0820241148572989	6.25397072658728	-1.14373471018978	hsa-miR-411*
NA	NA	0.273921105854153	3.42122091644795	1.14285768220073	hsa-miR-1250
NA	NA	0.80670076591899	0.510683548701514	-1.14209854690694	hsa-miR-140-5p
NA	NA	0.481927156775102	1.9250592028522	1.14088202246989	hsa-miR-517b
NA	NA	0.563235403215292	1.50278583911643	1.13534288888449	hsa-miR-335*
NA	NA	0.106315897177172	5.68913408808507	1.13111718155876	hsa-miR-302a
NA	NA	0.0797908968059278	6.30344485550722	1.12626379344161	hsa-miR-520a-3p
NA	NA	0.942977797529272	0.139693363057791	1.12585723510474	hsa-miR-151-3p
NA	NA	0.108841044554214	5.59895330417483	1.11901065157604	hsa-miR-634
NA	NA	0.0251695136736028	9.01723519503198	1.11632651917153	hsa-miR-550a
NA	NA	0.125199712537709	5.29142974070872	1.11411665023248	hsa-miR-30b*
NA	NA	0.0622477985669268	6.94876880329785	1.10815560445438	hsa-miR-1244
NA	NA	0.545748543702413	1.61424674684507	-1.10235339877117	hsa-miR-877*
NA	NA	0.0461920354865607	7.69648357229057	1.09632001113686	hsa-miR-520e
NA	NA	0.505308793288373	1.81535003750121	1.0872501873865	hsa-miR-146a
NA	NA	0.148466851543127	4.84540887511315	1.08528245808394	hsa-let-7b*
NA	NA	0.418774086751208	2.34610242422819	1.06999221433339	hsa-miR-95
NA	NA	0.0698698720517774	6.60564258229302	-1.0696588335	hsa-miR-216b
NA	NA	0.716554885796613	0.76146591061079	1.06844901121533	hsa-miR-153
NA	NA	0.926096107411679	0.191450738866484	1.06174736162805	hsa-miR-21*
NA	NA	0.0607869590362226	7.0483183093119	-1.06055059580839	hsa-miR-196a*
NA	NA	0.700597703092314	0.851104783726624	-1.05971716065694	hsa-miR-1281
NA	NA	0.0364545468968666	8.24806125265245	1.05945816570292	hsa-miR-1294
NA	NA	0.205264382260552	4.05190811737855	-1.05632923408942	hsa-miR-34c-3p
NA	NA	0.0312009472699568	8.57346695885223	1.05403562197628	hsa-miR-1259_v15.0
NA	NA	0.180883944700694	4.38447926781559	1.04674959741314	hsa-miR-190
NA	NA	0.710749459081794	0.799624083694853	1.02971227125547	hsa-miR-375
NA	NA	0.94484777602878	0.130053418210025	-1.02518870984671	hsa-miR-185
NA	NA	0.00856563104909299	11.1793727926521	1.02487802780109	hsa-miR-1282
NA	NA	0.0291171357978882	8.74815039982366	-1.02246041464759	hsa-miR-143*
NA	NA	0.514886568284288	1.77759775296719	1.02073871776385	hsa-miR-33a
NA	NA	0.172837101725899	4.48268399498446	-1.01907433196715	hsa-miR-564
NA	NA	0.0620974381893842	6.9654405484184	1.01008157946807	hsa-miR-519d
NA	NA	0.180883944700694	4.38184315076504	0.990261827704379	hsa-miR-519c-3p
NA	NA	0.162332122893053	4.61014737055767	0.986224091883211	hsa-miR-518e*
NA	NA	0.314652196538576	3.0353567881652	-0.979095522906934	hsa-miR-146b-5p
NA	NA	0.549080363854125	1.59523388099094	-0.971980431476277	hsa-miR-483-3p
NA	NA	0.00740767970120387	11.6418445465468	0.96988896185949	hsa-miR-302c
NA	NA	0.254002441514763	3.57594267277217	-0.967572978047445	hsa-miR-887
NA	NA	0.94484777602878	0.127272801357498	-0.965349040133212	hsa-miR-320a
NA	NA	0.397400119958231	2.48864071139869	0.964387849036495	hsa-miR-517c
NA	NA	0.601825828423802	1.30835540033517	0.96407958184854	hsa-miR-219-5p
NA	NA	0.27735769696088	3.37643352602253	0.962997688121898	hsa-miR-519b-3p
NA	NA	0.67324414697206	0.957939626391568	0.961508983317519	hsa-miR-517a
NA	NA	0.472444190908808	2.06818511904536	-0.959925077656934	hsa-miR-330-3p
NA	NA	0.0701115531426871	6.59024427027911	-0.953016749155109	ebv-miR-BHRF1-2
NA	NA	0.274465532915892	3.40069604198197	-0.949469749290146	hsa-miR-339-3p
NA	NA	0.206492665136777	4.03187783349367	0.947560116532852	hsa-miR-425*
NA	NA	0.121872673023146	5.37237595841716	0.946304182775547	hsa-miR-1277
NA	NA	0.288755442561923	3.27904401799857	0.942200971811679	hsa-miR-522
NA	NA	0.379986222307558	2.60336297078008	-0.941233420257299	hsa-miR-34a*
NA	NA	0.583904399807658	1.40127430563425	0.937498533560219	hsa-miR-193b*
NA	NA	0.156348304684469	4.75773000027038	0.92312422432135	hsa-miR-340*
NA	NA	0.0535157525413389	7.42644857930417	0.919943020731752	hsa-miR-449a
NA	NA	0.0624586307542155	6.92174028473654	-0.919349596890511	hsa-miR-208b
NA	NA	0.029518398312562	8.70929558203152	0.917684199013687	hsa-miR-449b
NA	NA	0.0936247773259005	5.94836894546557	-0.916618306197081	hsa-miR-486-3p
NA	NA	0.944047611679554	0.133091080347285	-0.909201960587589	hsa-miR-32*
NA	NA	0.088675201698653	6.08658937788989	0.908549376018978	hsa-miR-302b
NA	NA	0.515927038191407	1.76904645505403	0.907308561195255	hsa-miR-1323
NA	NA	0.559935859502355	1.52963852822412	0.90493023174781	hsa-miR-20a*
NA	NA	0.0285978537390592	8.79347729459325	0.893093237361496	hsa-miR-548l
NA	NA	0.413753789299323	2.37334985826287	0.892865542032847	hsa-miR-610
NA	NA	0.00701646271588655	14.0300217397352	0.885532767894343	hsa-miR-524-3p
NA	NA	0.186006111945638	4.30155941513906	-0.885197393545256	ebv-miR-BART19-5p
NA	NA	0.0119448978588884	10.4550880980442	0.884551632125547	hsa-miR-892a
NA	NA	0.088675201698653	6.08490461187982	0.881306011458577	hsa-miR-590-3p
NA	NA	0.0823567837876781	6.2385453074262	0.877450794193431	hsa-miR-1265
NA	NA	0.143631049467806	5.00211644283554	-0.871945448934306	hsa-miR-422a
NA	NA	0.108772390776581	5.62438592066867	0.870092291240693	hsa-miR-26a-2*
NA	NA	0.301450399744726	3.14488917742847	0.868902539279197	hsa-miR-521
NA	NA	0.87956914474799	0.300224263925691	0.868798111034671	hsa-miR-221*
NA	NA	0.219413182755654	3.89835230769565	-0.867125727795621	hsa-miR-135b*
NA	NA	0.166220167708731	4.55092466952071	0.86261485240876	hsa-miR-933
NA	NA	0.132126331203631	5.17293961591426	-0.862265631766423	hsa-miR-554
NA	NA	0.146969939353034	4.96190824090736	0.860233274768248	hsa-miR-548c-5p
NA	NA	0.460601091615257	2.14476867181897	-0.859703944826642	hsa-miR-328
NA	NA	0.656271718581267	1.05825419668608	-0.855096691958028	hsa-miR-125a-3p
NA	NA	0.273024585646336	3.43953954186835	0.853816714568796	hsa-miR-525-5p
NA	NA	0.0554172811100445	7.30703462016612	-0.852661581656569	hsa-miR-216a
NA	NA	0.386494708828614	2.55297382147117	0.849376260291972	hsa-miR-129-3p
NA	NA	0.148327072308879	4.85400207238326	-0.843658253717884	hsa-let-7c*_v16.0
NA	NA	0.088675201698653	6.09740906263721	0.843477701201825	hsa-miR-18b*
NA	NA	0.430978708229808	2.27230922210602	0.840856369689781	hsa-miR-1249
NA	NA	0.837800260636736	0.418031553270733	0.838910683941609	hsa-miR-940
NA	NA	0.205264382260552	4.05926492642519	-0.835548457208394	hsa-miR-148a*
NA	NA	0.208387510753842	3.99298238424939	-0.834045257804745	hsa-miR-1182
NA	NA	0.148327072308879	4.90790932747311	0.83242639475365	ebv-miR-BART19-3p
NA	NA	0.159141181010593	4.67817163655541	-0.830848560930658	kshv-miR-K12-9
NA	NA	0.0607869590362226	7.04471097035676	-0.825955677969343	hsa-miR-138
NA	NA	0.602165759429625	1.28634991795835	-0.823849165023722	hsa-miR-532-3p
NA	NA	0.250227837346861	3.60688060647408	-0.820245252778467	hsa-miR-675*
NA	NA	0.0602988253740863	7.12148319279141	-0.81660431679562	hsa-miR-127-5p
NA	NA	0.00740767970120387	11.9487198146238	0.813309394618613	hsa-miR-942
NA	NA	0.410541841152452	2.38789070853567	-0.811821986124088	hsa-miR-519e*
NA	NA	0.157311127164143	4.7253308533009	0.810687245324817	hsa-miR-19b-2*
NA	NA	0.337021781871416	2.86856236387707	-0.809822990474453	hsa-miR-1231
NA	NA	0.054954264302451	7.34905258228791	-0.795445386156934	bkv-miR-B1-3p
NA	NA	0.290486247379307	3.24058706456703	-0.79495535590146	ebv-miR-BART17-5p
NA	NA	0.229052701747539	3.81586782047293	-0.791288101240456	hsa-miR-33a*
NA	NA	0.647881178466837	1.10810445743622	0.786372045768249	hsa-miR-340
NA	NA	0.0366766921432204	8.21770925403793	0.784093117319343	hsa-miR-767-3p
NA	NA	0.250227837346861	3.60694005822492	-0.782937289529197	hsa-miR-24-2*
NA	NA	0.122597434809583	5.35231586199052	0.778854128700547	hsa-miR-924
NA	NA	0.0541243595622713	7.39605896129371	0.776491266636862	hsa-miR-548c-3p
NA	NA	0.533108563111998	1.66353901410393	0.774576919890513	hsa-miR-1225-3p
NA	NA	0.94484777602878	0.124479574135228	0.772251497552919	hsa-miR-425
NA	NA	0.086613744621088	6.14685371224047	0.76821450997208	hsa-miR-92a-2*
NA	NA	0.366936649383541	2.67752224558172	-0.760604670806569	hsa-miR-218-2*
NA	NA	0.199648631462605	4.13875032813321	-0.755769703501824	hcmv-miR-UL70-5p
NA	NA	0.0503267510471181	7.54365588312922	0.750026417404926	hsa-miR-15b*
NA	NA	0.0327138558135839	8.45138372033879	-0.749856662215328	hsa-miR-144*
NA	NA	0.121872673023146	5.3859969197761	-0.74633478275	kshv-miR-K12-3*
NA	NA	0.701185313525261	0.847206991441535	-0.746110533770839	hsa-miR-421
NA	NA	0.20076714227691	4.12529707618615	-0.744340121149635	hsa-miR-891a
NA	NA	0.025131933676048	9.03956874003907	0.741332425520146	hsa-miR-548j
NA	NA	0.0636014498555314	6.83855062851537	0.738115633306569	ebv-miR-BART11-5p
NA	NA	0.130911361701902	5.19360928525532	0.737479471111314	hsa-miR-625*
NA	NA	0.472444190908808	2.07391159922181	0.737157768117153	hsa-miR-297
NA	NA	0.0784587157484677	6.34723147173844	-0.736130520678832	kshv-miR-K12-4-5p
NA	NA	0.148327072308879	4.87315335166597	-0.731575438375912	hsa-miR-28-3p
NA	NA	0.148327072308879	4.85507864910432	-0.727673106298175	hcmv-miR-US5-1
NA	NA	0.385473772808326	2.5602787669517	-0.726350591927006	hsa-miR-513b
NA	NA	0.285147279247091	3.32015949847322	-0.724616115762774	hsa-miR-218-1*
NA	NA	0.148327072308879	4.89819049683012	0.724075580328467	hsa-miR-519e
NA	NA	0.242360552295789	3.6813498048942	-0.716384909222627	hcmv-miR-UL22A
NA	NA	0.399210460620461	2.46505029781362	-0.706615086620438	hsa-miR-339-5p
NA	NA	0.318193300083577	3.01034039798254	-0.704014914474453	hcmv-miR-US25-2-3p
NA	NA	0.346415360543428	2.80198995887588	-0.701886888328467	hsa-miR-1909
NA	NA	0.104302035315959	5.72675119598975	-0.698855103487226	hsa-miR-1263
NA	NA	0.295572512261938	3.19954412118511	-0.697693315077007	hsa-miR-125b-2*
NA	NA	0.219413182755654	3.90049296042445	-0.697406225808395	hsa-miR-491-5p
NA	NA	0.0565810110920648	7.25033525499704	0.696025413839051	hsa-miR-139-5p
NA	NA	0.121872673023146	5.37824552096169	0.691941931616788	hsa-miR-586
NA	NA	0.192855790802606	4.22701916367681	-0.691859597445256	hsa-miR-369-3p
NA	NA	0.240084186969098	3.70936738406893	-0.688817171023358	hsa-miR-1296
NA	NA	0.162332122893053	4.60314316515824	-0.688657791140146	hsa-miR-597
NA	NA	0.0587131650632364	7.18379379344933	-0.685942256237226	hsa-miR-1272
NA	NA	0.0717433538159319	6.52624522879625	0.685594778259124	hsa-miR-548a-5p
NA	NA	0.11770260708737	5.46191727934356	-0.68537660214781	hsa-miR-541
NA	NA	0.433655603649961	2.26018072812292	-0.683031613474453	hsa-miR-1233
NA	NA	0.257857183733333	3.54956643376855	-0.682523747864964	hsa-miR-380*
NA	NA	0.0660036982250903	6.70882783441128	0.681747016468978	hsa-miR-30c-1*
NA	NA	0.891223396073689	0.269632866757968	0.68088146354744	hsa-miR-760
NA	NA	0.108772390776581	5.63066567902248	0.680170073127737	hsa-miR-518c*
NA	NA	0.054954264302451	7.34623175586359	0.678889135149635	hsa-miR-613
NA	NA	0.119908479878343	5.427181113183	0.675842031218066	hsa-miR-658
NA	NA	0.385473772808326	2.56302698471177	-0.674905899765146	hsv1-miR-H5-3p
NA	NA	0.054954264302451	7.33268564810936	0.667609092864963	hsv1-miR-H3_v14.0
NA	NA	0.190183471352426	4.25829031859588	-0.667307177211679	hsa-miR-1291
NA	NA	0.148327072308879	4.89245124427065	-0.657865465541971	hsa-miR-452*
NA	NA	0.289425016846491	3.26480207294246	-0.655957031917883	hsa-miR-509-5p
NA	NA	0.0376689055229571	8.06630461019845	0.655581412951277	hsa-miR-448
NA	NA	0.481927156775102	1.92285094573478	0.65210950030292	hsa-miR-204
NA	NA	0.173486766035647	4.47134649003026	-0.651224154107664	hsv1-miR-H2
NA	NA	0.157311127164143	4.72310975891609	-0.650153891041971	hsa-miR-92b*
NA	NA	0.165258772790724	4.56529198744939	-0.648579721587592	hsa-miR-606
NA	NA	0.308388181629314	3.08583504807951	-0.638358324226277	hsa-miR-663b
NA	NA	0.600504884756759	1.31611271218873	0.632178565127738	hsa-miR-766
NA	NA	0.0181250295530566	9.63848637694069	0.631032770706204	hsa-miR-591
NA	NA	0.0645359608652475	6.76905127234947	0.629326123239416	hsa-miR-548b-3p
NA	NA	0.0264406059812604	8.92625773679588	0.629324887975547	hsa-miR-548h
NA	NA	0.373782735079513	2.63714239128039	-0.62380383284489	hsa-miR-885-5p
NA	NA	0.326050850593842	2.94106567374897	-0.621282569180657	hsa-miR-1909*
NA	NA	0.593391329343099	1.35188046481067	0.620690900987408	ebv-miR-BART4
NA	NA	0.0965847288194194	5.88072022312922	0.620166844589781	hsa-miR-526b*
NA	NA	0.481867205040531	1.93359877330261	0.619225933366788	hsa-miR-577
NA	NA	0.6562799813588	1.04135239295425	0.617722422	hsa-miR-663
NA	NA	0.850640913911867	0.388970374584808	0.617068459319343	hsa-miR-205
NA	NA	0.0899782677674992	6.03443214145608	-0.61522366139416	hsa-miR-1253
NA	NA	0.205264382260552	4.0705210591323	-0.61357510155	jcv-miR-J1-5p
NA	NA	0.128187977488641	5.23131816816763	-0.613288669667883	kshv-miR-K12-7_v14.0
NA	NA	0.125199712537709	5.27929340956805	-0.612639690441606	ebv-miR-BART3
NA	NA	0.250227837346861	3.61574870038996	-0.610507746987591	hsa-miR-1
NA	NA	0.23330707915548	3.76042387294366	0.609672066065693	hsa-miR-1300_v13.0
NA	NA	0.180837923982165	4.39384495021871	-0.605584919189782	kshv-miR-K12-4-3p
NA	NA	0.809799718122107	0.499698182001371	-0.603354447278101	hsa-miR-505
NA	NA	0.272747737577878	3.45472146409866	-0.603228417208029	hsa-miR-424*
NA	NA	0.316813868715863	3.02152129713889	-0.603034002319343	ebv-miR-BART9*
NA	NA	0.590042919342187	1.36542235617569	0.602335047481387	hsa-miR-141*
NA	NA	0.0899782677674992	6.02656471819178	0.599644472237226	hsa-miR-30d*
NA	NA	0.168682686936123	4.52373429775345	-0.59936042094781	hsa-miR-555
NA	NA	0.326050850593842	2.94383203275964	0.598298052053649	hsa-miR-100*
NA	NA	0.137348651502027	5.09521050675663	0.59726998872427	hsa-miR-374a*
NA	NA	0.277827889252136	3.36516600899183	-0.597142613593066	hsa-miR-10b*
NA	NA	0.518789585882753	1.750297560584	-0.59224306552427	hsa-miR-99b*
NA	NA	0.472444190908808	2.06240585700222	-0.591689540065694	hsa-miR-744*
NA	NA	0.472444190908808	2.04639146093128	0.591169515052189	hsa-miR-92b
NA	NA	0.287147569356309	3.29945433827897	-0.589815952518248	hsa-miR-938
NA	NA	0.106315897177172	5.67392387895833	0.588557958925182	hsa-miR-302d
NA	NA	0.0630889885835942	6.88083668682836	-0.585183844908394	hsa-miR-1273
NA	NA	0.310817151329923	3.05701758865078	-0.584427584846716	hsa-miR-621
NA	NA	0.150385971203095	4.82033689206307	0.584244689924453	hsa-miR-518c
NA	NA	0.148327072308879	4.89724472715714	0.582301664715602	hsa-miR-544
NA	NA	0.287147569356309	3.29409597980528	-0.580359080308394	hsa-miR-588
NA	NA	0.273751223072033	3.42796858307515	-0.58034225310584	hsa-miR-662
NA	NA	0.587705684263816	1.37737299023671	-0.579435781076643	hsa-miR-636
NA	NA	0.148327072308879	4.92920083012922	-0.575396347350365	hsa-miR-217
NA	NA	0.148327072308879	4.87794251583865	-0.573280675830292	hsa-miR-1226
NA	NA	0.0201274116508176	9.44358669078822	0.571469584797445	hsa-miR-585
NA	NA	0.397400119958231	2.49620110551173	-0.56994308309781	hsa-miR-935
NA	NA	0.531105190368989	1.67475254664298	-0.569594430270073	hsa-miR-1469
NA	NA	0.0367862000407487	8.19672938580458	-0.569379313187956	hsa-miR-569
NA	NA	0.656271718581267	1.05330741204042	0.568401981100365	hsa-miR-625
NA	NA	0.275794465397312	3.3890200292744	-0.566778523036496	ebv-miR-BART7*
NA	NA	0.125199712537709	5.27304007654761	0.561194847995438	hsa-miR-518a-3p
NA	NA	0.332281679017206	2.9099138413776	-0.555422546791971	hsa-miR-326
NA	NA	0.559935859502355	1.52805194150515	0.555408583607664	ebv-miR-BART10
NA	NA	0.547897718122861	1.60568437707124	-0.552544828311678	hsa-miR-664
NA	NA	0.182088261370207	4.34927794832647	-0.549977854362043	hsa-miR-1298
NA	NA	0.85872935401503	0.349872096663331	0.548014646004725	hsa-miR-550a*
NA	NA	0.460601091615257	2.14727800856713	-0.547003445115565	kshv-miR-K12-9*
NA	NA	0.984708198904788	0.0268484525632024	0.545193527989053	hsa-miR-320c
NA	NA	0.381683414970157	2.58618347109512	0.544975994208029	hsa-miR-877
NA	NA	0.397621630168	2.47801656555194	-0.543191108354015	hsa-miR-627
NA	NA	0.207581049680832	4.00880837794705	-0.541795381694799	ebv-miR-BART14*
NA	NA	0.160739155113135	4.64182331910462	-0.539908642094891	kshv-miR-K12-1
NA	NA	0.585057150624498	1.38974517195501	-0.538193551031022	hsa-miR-338-5p
NA	NA	0.0629852806213367	6.89803853614971	0.537361611715328	hsa-miR-518d-3p
NA	NA	0.472444190908808	2.05145506486332	-0.53674617703832	hsa-miR-943
NA	NA	0.133649339931019	5.1491001100627	-0.535001352268248	hcmv-miR-UL112
NA	NA	0.254002441514763	3.57991436654701	-0.533844096018248	hsa-miR-514
NA	NA	0.324939302744697	2.9575803773146	-0.533241246288321	hsa-miR-668
NA	NA	0.564805168412223	1.48106049635849	-0.53248376209854	hsa-miR-138-1*
NA	NA	0.33723430284599	2.85819564982002	-0.53244392091606	hsa-miR-296-3p
NA	NA	0.34602063603844	2.80986160627304	-0.530569863835767	hsa-miR-20b*
NA	NA	0.593391329343099	1.35064696044528	0.524517925506385	ebv-miR-BHRF1-1
NA	NA	0.103881915343873	5.7410854869025	-0.522558974354014	hiv1-miR-TAR-5p
NA	NA	0.505308793288373	1.8170584353058	0.519211035850365	hsa-miR-124
NA	NA	0.263449449111872	3.50936443265325	0.518845341813869	hsa-miR-576-5p
NA	NA	0.397400119958231	2.49921620104225	-0.515454688310219	hsa-miR-937
NA	NA	0.163439463449827	4.58728626154612	0.509324010140511	hsa-miR-1179
NA	NA	0.141841332422543	5.02729553162117	0.507461966016424	hsa-miR-105*
NA	NA	0.564798915584743	1.48989061241208	-0.50579861769708	hcmv-miR-UL148D
NA	NA	0.199648631462605	4.14580649272431	-0.504964556050182	hsa-miR-1297
NA	NA	0.188005441810783	4.28051047208367	0.50365033349635	hsa-miR-129-5p
NA	NA	0.887958110081308	0.281546233566884	-0.501850641297444	hsa-miR-484
NA	NA	0.0645359608652475	6.76264506077941	-0.500864565773905	hsa-miR-1302
NA	NA	0.122597434809583	5.34839179801923	-0.49965935485365	hsa-miR-497*
NA	NA	0.240496601534058	3.70207424468031	-0.497982490614598	hsa-miR-1201_v15.0
NA	NA	0.158828833520575	4.69654658767699	-0.497617072740876	hsa-miR-300
NA	NA	0.290289742009646	3.25427438716219	-0.496084220288321	hsa-miR-1286
NA	NA	0.148327072308879	4.89435600913999	0.495753288536496	hsa-miR-26a-1*
NA	NA	0.181140000813095	4.37373130961409	0.49290613508781	hsa-miR-520h
NA	NA	0.285841149559593	3.31100841463894	-0.491800021565693	hsa-miR-506
NA	NA	0.071165259532361	6.55838138226671	0.491175467784672	hsa-miR-302a*
NA	NA	0.395886614109649	2.51293437991793	-0.489214561312044	hsa-miR-934
NA	NA	0.0602988253740863	7.09399933656872	0.488947663494708	hsa-miR-637
NA	NA	0.0309938814043281	8.62006755990778	0.487211644122263	hsa-miR-1911*
NA	NA	0.233487018035171	3.75439858429367	-0.487179904593248	hsa-miR-633
NA	NA	0.422246184843918	2.32766216620309	-0.486481348065876	hsa-miR-505*
NA	NA	0.207137718964965	4.01861768309476	-0.486112374381387	hsa-miR-1912
NA	NA	0.348431886537572	2.77892171614922	-0.485594417478102	hsa-miR-589*
NA	NA	0.308388181629314	3.08432193085647	-0.484850670144161	jcv-miR-J1-3p
NA	NA	0.430978708229808	2.27520115002402	0.48468972754927	hsa-miR-23b*
NA	NA	0.620352167436331	1.21028179398992	-0.483894683512591	hsa-miR-191
NA	NA	0.52973304423996	1.68588749188463	-0.48388785015146	hsa-miR-1915*
NA	NA	0.228274766180091	3.82622896172787	0.482517405001825	hsa-miR-1264
NA	NA	0.148327072308879	4.8533404438039	-0.482192805087591	hsv1-miR-H4
NA	NA	0.397400119958231	2.49454413398174	-0.481969368855839	hsa-miR-1185
NA	NA	0.273024585646336	3.44814773450983	0.48046269708376	hsa-miR-556-3p
NA	NA	0.295572512261938	3.1987691073531	-0.480442414658759	hsa-miR-1908
NA	NA	0.308616758150821	3.07923994261565	-0.478172531888686	hsa-miR-607
NA	NA	0.159141181010593	4.68455494279592	-0.475629090443431	ebv-miR-BART8*
NA	NA	0.0602988253740863	7.0938176246788	0.474649254948905	ebv-miR-BART18-3p
NA	NA	0.0134500530599678	10.2332446781286	0.474531472758942	hcmv-miR-UL36*
NA	NA	0.350125362596083	2.76332902709535	-0.469790279720803	hsa-miR-1276
NA	NA	0.480118284469051	1.94199771689359	-0.46808000019708	hsa-miR-1914
NA	NA	0.159141181010593	4.66862123680988	0.465976911536496	hsa-miR-186*
NA	NA	0.479543108231689	1.95092254261868	-0.465843544885037	hsa-miR-133b
NA	NA	0.472444190908808	2.05973967666912	-0.464872698366788	hsa-miR-675
NA	NA	0.3978148575482	2.47349325271287	0.461876225970803	hsa-miR-516a-5p
NA	NA	0.2126828740499	3.95338746623662	-0.456638212240876	hsa-miR-604
NA	NA	0.564805168412223	1.48161766796766	-0.456173630709854	hsa-miR-596
NA	NA	0.310580598081379	3.06608670803454	-0.454202452270073	hsa-miR-496
NA	NA	0.547909363329438	1.6008651268885	-0.453494425912409	kshv-miR-K12-8_v14.0
NA	NA	0.193836981348364	4.21415960319511	0.45069179780823	hsa-miR-342-5p
NA	NA	0.430027946272838	2.2831555408136	0.44987833972135	hsa-miR-132*
NA	NA	0.366936649383541	2.67906638577187	-0.444146254490876	hsa-miR-302d*
NA	NA	0.2456584448356	3.65708162456696	-0.443282967308394	hsa-miR-27a*
NA	NA	0.397400119958231	2.48875113474687	-0.443036911467153	hsa-miR-124*
NA	NA	0.479543108231689	1.97185313169517	-0.442012652634307	hsa-miR-30c-2*
NA	NA	0.479543108231689	1.98332105525011	-0.441552255421533	ebv-miR-BART11-3p
NA	NA	0.109857962900436	5.57745421999806	0.44086765475365	hsa-miR-548i
NA	NA	0.704996381826795	0.830471680732564	-0.438106544978468	hsa-miR-501-5p
NA	NA	0.318193300083577	3.00736973126957	0.437991217258029	hsa-miR-16-2*
NA	NA	0.564805168412223	1.48452399926717	-0.434525809197444	hsa-miR-187*
NA	NA	0.23330707915548	3.7712569385896	0.432097694906934	hsa-miR-223*
NA	NA	0.371764676000239	2.65146805528535	0.429533651264598	hsa-miR-545*
NA	NA	0.29030421894984	3.24995296780509	-0.427274825206204	hsa-miR-656
NA	NA	0.0936247773259005	5.94321900088052	0.426056229357664	hsa-miR-578
NA	NA	0.305415510348072	3.11040268115562	-0.425028176270073	hsa-miR-513a-3p
NA	NA	0.405375853542222	2.41609805373482	-0.423204148018248	hsa-miR-886-5p_v15.0
NA	NA	0.427695376339313	2.30266430584535	0.422728770242883	hsa-let-7d*
NA	NA	0.553007735536105	1.57315547487212	-0.42268669280511	hsa-miR-1471
NA	NA	0.297756981219576	3.1839822560035	-0.422565536955657	ebv-miR-BHRF1-2*
NA	NA	0.0899782677674992	6.02978238036675	0.42214744407792	hsa-miR-1257
NA	NA	0.310817151329923	3.05714595638899	-0.421495125326642	hsa-miR-888*
NA	NA	0.638000319190863	1.14614176638351	-0.417442362291971	hsa-miR-1470
NA	NA	0.352153064541756	2.74771160785066	-0.416577010217153	hsa-miR-559
NA	NA	0.141841332422543	5.03180520676665	0.416476958430657	hsa-miR-492
NA	NA	0.710749459081794	0.792029099771177	-0.408755805144161	hsa-miR-1229
NA	NA	0.533108563111998	1.66478211791641	-0.40757579359489	hsa-miR-1251
NA	NA	0.287147569356309	3.29141280040109	-0.404549429040146	hsa-miR-635
NA	NA	0.228274766180091	3.82942528782171	-0.404281902604014	hsa-miR-432*
NA	NA	0.75404554022008	0.658198715489136	-0.404228682509125	hcmv-miR-US25-2-5p
NA	NA	0.565018086558244	1.47598151411046	-0.403284819994526	hsa-miR-657
NA	NA	0.397621630168	2.47759274796075	0.402102669921533	hsa-miR-367
NA	NA	0.520948731009938	1.73895244833631	-0.400150995133212	kshv-miR-K12-6-5p
NA	NA	0.23330707915548	3.76036023856075	0.398829178283029	hsa-miR-548g
NA	NA	0.410541841152452	2.39026240007561	-0.39669446335219	hsa-miR-558
NA	NA	0.324904933771001	2.96551033046912	0.396661383271898	hsa-miR-374b*
NA	NA	0.611164112074975	1.25667468527469	0.396136435961678	hsa-miR-622
NA	NA	0.162332122893053	4.60743038368736	0.396095174979927	hsa-miR-876-5p
NA	NA	0.429884072743895	2.29206188333257	0.394898539675183	hsa-miR-211
NA	NA	0.378957070723705	2.61309691949126	-0.39446920695438	ebv-miR-BART6-5p
NA	NA	0.289425016846491	3.26284037768403	-0.394178368213503	hsa-miR-147b
NA	NA	0.586288038869988	1.38320497321668	0.393412062889416	hsa-miR-518b
NA	NA	0.69432211791736	0.878838395692096	-0.393205709640511	hsa-miR-1208
NA	NA	0.22811572437831	3.8372185437661	-0.39028602529708	hsa-miR-146b-3p
NA	NA	0.688953094724095	0.899037601586811	-0.390163900434306	hsa-miR-502-3p
NA	NA	0.52973304423996	1.68573542859275	-0.389988940622263	hsa-miR-1224-3p
NA	NA	0.526610143712796	1.70741699037175	-0.389580922284671	hsa-miR-219-1-3p
NA	NA	0.479543108231689	1.95274411443862	-0.387470891392883	hsa-let-7g*
NA	NA	0.156508193902313	4.74977135196276	0.386439719007299	hsa-miR-548a-3p
NA	NA	0.479543108231689	1.94656424451589	-0.385430339802919	ebv-miR-BART13*
NA	NA	0.191050578261154	4.24614653048427	-0.384723922193431	hsa-miR-485-5p
NA	NA	0.157432552919838	4.7156270720908	-0.384034121323357	hsa-miR-708*
NA	NA	0.515927038191407	1.76905902799473	-0.383490082137956	hsa-miR-1910
NA	NA	0.298399617026626	3.17672026268821	0.38308379989781	hsa-miR-450b-3p
NA	NA	0.159141181010593	4.67088338523916	0.381246139888686	hsa-miR-548o
NA	NA	0.578606997802301	1.4200520876953	0.376367593888686	hsa-miR-200c*
NA	NA	0.301450399744726	3.14146442677651	-0.37395311609635	hsa-miR-875-3p
NA	NA	0.479543108231689	2.00063026877695	-0.372234318047445	hsa-miR-593*
NA	NA	0.205264382260552	4.04568396562631	0.37087093710073	hsa-miR-450b-5p
NA	NA	0.401061938508431	2.44489153462931	-0.368778305516424	hsa-miR-628-3p
NA	NA	0.654793875171859	1.07435762737264	-0.368636922175182	hiv1-miR-H1
NA	NA	0.818589378765536	0.473376575756703	0.368209942336497	hsa-miR-431*
NA	NA	0.420673024288319	2.33630757508161	-0.366752612449817	hsa-miR-103b
NA	NA	0.250227837346861	3.62128228799768	0.365797631029197	hsa-miR-648
NA	NA	0.460601091615257	2.14711742510926	-0.364916183585766	ebv-miR-BART6-3p
NA	NA	0.620827099711284	1.2051659039712	-0.364793496362774	hsa-miR-423-3p
NA	NA	0.460601091615257	2.15060094172276	-0.364732757270073	hsa-miR-499-3p
NA	NA	0.337021781871416	2.87625089555397	0.364492863681022	hsa-miR-1206
NA	NA	0.477110545619882	2.01873588884289	-0.362772806518248	hsa-miR-600
NA	NA	0.479543108231689	1.95697735865958	-0.362514513983577	hsa-miR-615-5p
NA	NA	0.414440240204222	2.36766822425597	0.361513635502737	hsa-miR-518e
NA	NA	0.34602063603844	2.81333985370165	-0.359881704186131	hsa-miR-616*
NA	NA	0.290408329313235	3.24519868109732	0.359252890570073	hsa-miR-488
NA	NA	0.348431886537572	2.77764728292264	-0.358368242379561	hsa-miR-208a
NA	NA	0.205264382260552	4.05032281529978	0.357080125706204	hsa-miR-581
NA	NA	0.472444190908808	2.05867634049858	-0.356052562967153	hsa-miR-629
NA	NA	0.23330707915548	3.7615025677727	0.355360071347792	hsa-miR-624*
NA	NA	0.481927156775102	1.92246979357487	-0.350235456421532	ebv-miR-BART5
NA	NA	0.539390363927827	1.63887522127555	-0.348453560684307	hsa-miR-513c
NA	NA	0.584208006570403	1.39638588389752	-0.346363194180474	hsa-miR-665
NA	NA	0.490557251338093	1.87458192746436	0.344658060142336	hsa-miR-1252
NA	NA	0.477451564760631	2.01377709458556	-0.344208218628102	hsa-miR-412
NA	NA	0.461176557924538	2.13984121993407	0.34360570055657	hsa-miR-199b-5p
NA	NA	0.326050850593842	2.9433489090563	-0.341997918145985	hsa-miR-27b*
NA	NA	0.652056141522559	1.08998321599977	0.34169730815146	hsa-miR-708
NA	NA	0.479543108231689	1.97472172207014	-0.338690948335767	hsa-miR-1266
NA	NA	0.55889914899556	1.53700940547066	-0.338673008307117	hsa-miR-551b*
NA	NA	0.178256412362523	4.42044096197892	0.336933223133212	hsa-miR-33b
NA	NA	0.652056141522559	1.09217676506129	-0.332268186952555	hsa-miR-331-5p
NA	NA	0.656165147877732	1.06708974194161	0.330751518173357	hsa-miR-345
NA	NA	0.522557516344041	1.72917056212284	-0.330744678492701	hsa-miR-489
NA	NA	0.229052701747539	3.80647300812789	0.330367366020803	hsa-miR-330-5p
NA	NA	0.301450399744726	3.15710060211192	-0.328600186222993	hsa-miR-616
NA	NA	0.348431886537572	2.78376416526449	0.327289505020073	hsa-miR-573
NA	NA	0.475415292962505	2.03184175166123	-0.325394568912409	hsa-miR-567
NA	NA	0.514886568284288	1.77737237163443	-0.324145863861314	hsa-miR-1200
NA	NA	0.301899926102104	3.13448004848133	0.322797714295621	hsa-miR-875-5p
NA	NA	0.94484777602878	0.121912591463411	0.31825548975	hsa-miR-1228*
NA	NA	0.509066702881302	1.7992061884376	-0.318127340177007	hsa-miR-1203
NA	NA	0.602165759429625	1.29240331853443	-0.317631440371168	hsa-miR-1236
NA	NA	0.710749459081794	0.79863433143532	-0.317141831812044	hcmv-miR-UL70-3p
NA	NA	0.33318927939269	2.90214674758409	0.316472259456022	hsa-miR-367*
NA	NA	0.32406303400281	2.97315797522775	0.316322682589416	hsa-let-7f-2*
NA	NA	0.877447439617129	0.3087092319118	0.31564284039635	hsa-miR-532-5p
NA	NA	0.471276229503338	2.08689241430478	-0.314503325308394	hsa-miR-488*
NA	NA	0.472444190908808	2.07631601095464	0.312888084054745	hsa-miR-1321
NA	NA	0.27415124003259	3.41102056522251	-0.312608007737226	hsa-miR-363
NA	NA	0.52973304423996	1.68577367905875	-0.311322285666058	hsa-miR-659
NA	NA	0.324939302744697	2.96005405647148	-0.310650588266423	ebv-miR-BART18-5p
NA	NA	0.739724653653016	0.695211239484689	-0.310406727978102	hsa-miR-1539
NA	NA	0.688382701597663	0.911861413358963	0.309766501283942	hsa-miR-378*
NA	NA	0.301450399744726	3.14262840052624	0.307990450866058	hsa-miR-325
NA	NA	0.350728242027892	2.75719921567154	0.307736494906934	hsa-miR-1279
NA	NA	0.578606997802301	1.41877296463628	-0.307035634816058	ebv-miR-BART2-5p
NA	NA	0.464771727689849	2.1224061359048	-0.306864489673358	hsa-miR-920
NA	NA	0.277580970676332	3.37085394844926	0.305339872864416	hsa-miR-767-5p
NA	NA	0.587964326537143	1.37439427652816	-0.303150848056569	hsa-miR-323-5p
NA	NA	0.674784411499591	0.95263483644317	-0.301643129733576	hsa-miR-1292
NA	NA	0.559935859502355	1.52166833022993	0.300700381943431	hsa-miR-1262
NA	NA	0.620352167436331	1.21055011009028	-0.298755187562044	hsa-miR-1247
NA	NA	0.557484788688343	1.55136633050627	-0.297668839403284	ebv-miR-BART20-3p
NA	NA	0.55889914899556	1.53952891274638	-0.296276513667883	hsa-miR-1301
NA	NA	0.472444190908808	2.04621832801714	-0.294986439260949	hsa-miR-1303
NA	NA	0.660763198687071	1.01744888437472	0.293943401620438	hsa-miR-936
NA	NA	0.430027946272838	2.28545802110874	-0.293696997806752	hsa-miR-1255b
NA	NA	0.337021781871416	2.86898406726745	-0.293452847664234	hsa-miR-587
NA	NA	0.553007735536105	1.5784801229643	-0.291911487872263	hsa-miR-379*
NA	NA	0.442934233199538	2.22009420389041	-0.29186579855657	hsa-miR-220b_v15.0
NA	NA	0.710749459081794	0.792551260584861	0.291146471973595	hsa-miR-516b
NA	NA	0.647881178466837	1.10801344344497	-0.290586205162409	kshv-miR-K12-5_v14.0
NA	NA	0.571099835948084	1.4543477818739	0.290099743384307	hsa-miR-194*
NA	NA	0.654962489792484	1.07186922875995	0.288971530337591	hsa-miR-92a-1*
NA	NA	0.92673754223955	0.183848726015863	-0.288876576103212	hsa-miR-423-5p
NA	NA	0.518467363368986	1.75656707536431	-0.288826422416059	hsa-miR-16-1*
NA	NA	0.4825061675655	1.91513480357801	-0.287554860078467	hsv1-miR-H4*
NA	NA	0.385473772808326	2.56723307568087	-0.284968738607664	hsa-miR-653
NA	NA	0.522712332887519	1.72472526965726	0.283999904485401	hsa-miR-525-3p
NA	NA	0.445184977243987	2.20961451858349	0.283167937667883	hsa-miR-548d-3p
NA	NA	0.397621630168	2.48159137125416	-0.282217764950215	hsa-miR-1827
NA	NA	0.520948731009938	1.73928844322783	0.279020700923358	ebv-miR-BART10*
NA	NA	0.647881178466837	1.11269793043613	-0.278819726474453	hsa-miR-611
NA	NA	0.348431886537572	2.77987282312143	-0.277943874255475	ebv-miR-BART2-3p
NA	NA	0.301899926102104	3.13116382443482	0.276739437889051	hsa-miR-1537
NA	NA	0.308388181629314	3.08485631196716	0.276564343609489	hsa-miR-219-2-3p
NA	NA	0.565018086558244	1.47461071856698	-0.276196226131204	kshv-miR-K12-11
NA	NA	0.33723430284599	2.86135701967347	0.275382610082117	hsa-miR-19a*
NA	NA	0.293822906272908	3.21569781584498	0.274441909619343	hsa-miR-619
NA	NA	0.656271718581267	1.04838315446555	0.271898633974818	hsa-miR-502-5p
NA	NA	0.656271718581267	1.05468884613037	0.271420711419708	hsa-miR-609
NA	NA	0.535722614683337	1.65224356662554	0.271222200886861	hsa-miR-1322
NA	NA	0.837800260636736	0.423227928021972	0.271152584644161	hsa-miR-515-5p
NA	NA	0.401061938508431	2.44705687348915	0.269275152908759	hsa-miR-302f
NA	NA	0.656271718581267	1.04798795206341	0.264132378390511	hsa-miR-29c*
NA	NA	0.55889914899556	1.53690192626048	-0.263678050917883	hsa-miR-890
NA	NA	0.408492784024738	2.40172725824112	-0.262772021112591	ebv-miR-BART9
NA	NA	0.477110545619882	2.01936471565938	-0.262654207118613	hsa-miR-888
NA	NA	0.838518125462351	0.413105482769453	0.259396127547445	hsa-miR-181a*
NA	NA	0.46868238154185	2.10415903085288	-0.255114899370438	hsa-miR-99a*
NA	NA	0.395886614109649	2.51138243723944	0.254816239656752	hsa-miR-649
NA	NA	0.494852676000032	1.85648736073972	-0.253343268863139	hsa-miR-96*
NA	NA	0.479543108231689	1.98757635515494	-0.253236470751095	hsa-miR-548p
NA	NA	0.479543108231689	1.97434953811953	0.251994318854015	hsa-miR-1293
NA	NA	0.472444190908808	2.0438761902145	-0.251958046879562	hsa-miR-491-3p
NA	NA	0.597922194286526	1.33618090909088	-0.251843539603577	hsa-miR-493
NA	NA	0.837800260636736	0.425061401965429	0.249436119075185	hsv1-miR-H1_v14.0
NA	NA	0.584208006570403	1.3953987422851	-0.249161604828467	hsa-miR-1468
NA	NA	0.716554885796613	0.762725787684006	0.247864934074818	hsa-miR-632
NA	NA	0.472444190908808	2.06739073176277	0.243629512984854	hsa-miR-628-5p
NA	NA	0.518789585882753	1.75095242688639	-0.242077076740146	hsa-miR-620
NA	NA	0.91815995849357	0.216944475025466	0.241917555826642	hsa-miR-769-5p
NA	NA	0.381683414970157	2.59107206400837	0.241854499717153	hsa-miR-664*
NA	NA	0.578570470232904	1.42840255947815	-0.241401653081933	kshv-miR-K12-2
NA	NA	0.598275498411176	1.32698689463481	-0.240842479967883	hsa-miR-617
NA	NA	0.531105190368989	1.67869779702946	-0.237160704421533	hsa-miR-220a_v15.0
NA	NA	0.619878436879649	1.22062821542633	-0.236654502061314	hsa-miR-155*
NA	NA	0.885815505417624	0.288351959550634	0.234171083667883	hcmv-miR-US33-5p
NA	NA	0.663237492333804	1.00590443161313	-0.233941523629562	hsa-miR-640
NA	NA	0.522712332887519	1.72342940260948	0.23272793719708	hsa-miR-1270
NA	NA	0.373782735079513	2.63649802684968	0.230985774881387	hsa-miR-624
NA	NA	0.667860882137261	0.977551036250514	0.230846261206204	hsa-miR-512-5p
NA	NA	0.540130824942628	1.63431754121503	0.230793191759124	hsa-miR-25*
NA	NA	0.479543108231689	1.98007293663995	-0.23049610864781	hsa-miR-608
NA	NA	0.618789261779034	1.22761127860414	-0.230165271752555	hsa-miR-589
NA	NA	0.516903101113826	1.76362050362306	0.228575550698175	hsa-miR-15a*
NA	NA	0.91815995849357	0.215165716994512	0.22212214544854	hsa-miR-99a
NA	NA	0.598275498411176	1.33018730717341	-0.217862049998175	hsa-miR-106b*
NA	NA	0.643134769360819	1.13240998843686	-0.216194504108029	hsa-miR-941
NA	NA	0.700597703092314	0.852210630445983	-0.215795567478102	hsa-miR-93*
NA	NA	0.854674008291089	0.369541346426961	0.215213932043796	hsa-miR-361-3p
NA	NA	0.823113834222875	0.460589186118811	-0.214664598888686	hsa-miR-183*
NA	NA	0.687594421886085	0.915505714466748	-0.212734647552737	hcmv-miR-US25-1
NA	NA	0.52303860123112	1.71987959887183	0.211104930494161	hsa-miR-645
NA	NA	0.490845752583921	1.87097257491864	0.209992380872263	hsa-miR-218
NA	NA	0.553007735536105	1.57226284599223	0.205724204328285	hsa-miR-202*
NA	NA	0.472444190908808	2.07979795798879	-0.205524363666058	hsa-miR-891b
NA	NA	0.926096107411679	0.192074968051765	-0.204793705244525	hsa-miR-362-5p
NA	NA	0.563235403215292	1.5010475985887	-0.20452559824854	hsa-miR-1197
NA	NA	0.69432211791736	0.876619139330245	-0.204129418701825	hsa-miR-647
NA	NA	0.52973304423996	1.69246035316274	-0.203594760967153	hsa-miR-643
NA	NA	0.660763198687071	1.01796796988843	0.203383563531022	hsa-miR-545
NA	NA	0.850744113041941	0.387084990734568	-0.202247970729925	hsa-miR-1237
NA	NA	0.479543108231689	1.94825850014415	0.201216801492628	hsa-miR-579
NA	NA	0.559935859502355	1.519355051753	-0.200760812476277	hsa-miR-101*
NA	NA	0.602165759429625	1.28482067231373	-0.199524582472627	hsa-miR-1255a
NA	NA	0.683084411526237	0.93299247697054	-0.198888891835766	hsa-miR-7-2*
NA	NA	0.628845910844535	1.17788067843128	0.197372043270073	hsa-miR-769-3p
NA	NA	0.460601091615257	2.15026118874574	-0.19520912709854	hsa-miR-568
NA	NA	0.498635727046078	1.84274957494478	0.193754290558029	hsa-miR-302b*
NA	NA	0.4825061675655	1.91752165536305	-0.193009164829197	hsa-miR-1245
NA	NA	0.717423170229307	0.754172260362286	-0.192580086927007	hsa-miR-346
NA	NA	0.635991513978836	1.15286249540522	0.192436356715511	hsa-miR-26b*
NA	NA	0.590042919342187	1.36462651563672	0.191442563691971	hsa-miR-944
NA	NA	0.593391329343099	1.34947613806382	0.191110185318978	hsa-miR-377*
NA	NA	0.553692571032861	1.56795294059654	0.190193205993066	hsa-miR-556-5p
NA	NA	0.554291299236184	1.56387375210437	0.189627587533029	hsa-miR-571
NA	NA	0.94484777602878	0.121916260960222	-0.188577141076642	hsa-miR-149
NA	NA	0.6562799813588	1.03965451973921	-0.187762616476277	hsa-miR-1269
NA	NA	0.688953094724095	0.903015210950213	-0.186460024127555	hsa-let-7e*
NA	NA	0.710749459081794	0.800368774636122	-0.184784317346533	hsa-miR-187
NA	NA	0.488166545476078	1.88716820028778	0.18321885925584	ebv-miR-BART17-3p
NA	NA	0.654793875171859	1.07441334815389	-0.181473249859489	hsa-let-7i*
NA	NA	0.656165147877732	1.06333468332675	-0.180216274487226	hcmv-miR-US5-2
NA	NA	0.775511187337974	0.588916876155805	-0.179906258533577	hsa-miR-181c*
NA	NA	0.634139585158081	1.15924394482376	-0.179573061965328	hsa-miR-298
NA	NA	0.768340457414986	0.605907543418244	-0.17877140929562	hsa-miR-520a-5p
NA	NA	0.55889914899556	1.54192709739005	0.178703839071168	hsa-miR-507
NA	NA	0.602165759429625	1.30197235644478	0.178521577680657	hsa-miR-612
NA	NA	0.611164112074975	1.25853248134983	0.17452476770292	hsa-miR-646
NA	NA	0.547897718122861	1.60345149500308	0.174218758270073	hsa-miR-147
NA	NA	0.667860882137261	0.975933728060441	0.173645642040146	hsa-miR-563
NA	NA	0.688953094724095	0.898776081819424	-0.172878468644161	hsa-miR-508-5p
NA	NA	0.942948895963092	0.145225333201498	0.169453486195256	hsa-miR-362-3p
NA	NA	0.535722614683337	1.65130193227832	-0.16653408649854	hsa-miR-106a*
NA	NA	0.82192631740319	0.464413417511545	0.166176795347992	hsa-miR-1227
NA	NA	0.85872935401503	0.352000220890864	-0.165948372251823	hsv1-miR-H6-3p
NA	NA	0.647621278415355	1.11877176593125	-0.164099621281022	hsa-miR-1254
NA	NA	0.942977797529272	0.140843953710156	-0.163320847875183	hsa-miR-454
NA	NA	0.919303021537578	0.211734114564174	0.162985152430657	hsa-miR-512-3p
NA	NA	0.598275498411176	1.32608061509016	0.161668948657117	hsa-miR-511
NA	NA	0.67324414697206	0.959687520925685	-0.161333455770402	ebv-miR-BHRF1-3
NA	NA	0.564798915584743	1.48971875827833	0.159795202837591	hcmv-miR-US25-1*
NA	NA	0.612060352731136	1.25231864632405	-0.159129817013321	hsa-miR-593
NA	NA	0.602165759429625	1.28612493001609	0.158577402480657	hsa-miR-548k
NA	NA	0.620352167436331	1.20847089517554	-0.157224696432482	hsa-miR-508-3p
NA	NA	0.598275498411176	1.33106791002746	0.154549903600182	hsa-miR-618
NA	NA	0.854667909562556	0.37270889234615	-0.153145417930657	kshv-miR-K12-10b
NA	NA	0.809761767451567	0.501692272494466	0.151952608949387	hsa-miR-133a
NA	NA	0.656165147877732	1.06289029735211	0.149463057222628	hsa-miR-603
NA	NA	0.868307657412734	0.328833708440893	0.148762294690146	hsa-miR-598
NA	NA	0.742186978628246	0.686741250528753	-0.146438992434306	kshv-miR-K12-6-3p
NA	NA	0.602165759429625	1.28840397369362	0.14556240009489	hsa-miR-548e
NA	NA	0.688953094724095	0.900969643714268	-0.145087286673358	hsa-miR-188-3p
NA	NA	0.585057150624498	1.38858861929046	-0.144968825635036	hsa-miR-1289
NA	NA	0.686591183597294	0.919606273581954	0.144684969388686	hsa-miR-1207-3p
NA	NA	0.647621278415355	1.11805476207949	-0.142966497461679	hsa-miR-549
NA	NA	0.878424193020676	0.305435331304279	0.141217773241423	hsa-miR-142-5p
NA	NA	0.578606997802301	1.42238514190248	-0.138809113454744	hsa-miR-517*
NA	NA	0.700597703092314	0.854951531861225	0.138062242620985	hsa-let-7a*
NA	NA	0.75404554022008	0.654770756171257	-0.137880680628285	hsa-miR-551a
NA	NA	0.764418301981854	0.616888689872569	0.13656036244708	ebv-miR-BART1-5p
NA	NA	0.688953094724095	0.904884436260187	0.13506446214781	hsa-miR-148b*
NA	NA	0.705695910897913	0.827116006730944	-0.13353329614854	hsa-miR-641
NA	NA	0.613094818308476	1.2476438807534	0.132316230507299	hsa-miR-562
NA	NA	0.614586359193979	1.23967179402386	0.131343426579927	hsa-miR-873
NA	NA	0.716554885796613	0.767401608843033	-0.130428400229927	hsa-miR-1256
NA	NA	0.85103323371699	0.384103243225479	0.130351866434307	hsa-miR-139-3p
NA	NA	0.763498360067219	0.622232691380072	0.130155377718978	hsa-miR-541*
NA	NA	0.96140136811145	0.0815837484070721	-0.130038300806569	hsa-miR-660
NA	NA	0.659013439584429	1.02997261712418	-0.128172327116788	hsa-miR-580
NA	NA	0.76169516098129	0.628360543197069	-0.12729291169708	ebv-miR-BART1-3p
NA	NA	0.702720893261054	0.838993216418541	-0.126774561902555	hsa-miR-639
NA	NA	0.731417322224046	0.720735129915584	-0.126562367786496	hsa-miR-566
NA	NA	0.926096107411679	0.188031214649543	-0.12609809574124	hsa-miR-500a*
NA	NA	0.710749459081794	0.804050694177156	0.125974550081387	hsa-miR-583
NA	NA	0.736891103092518	0.706279269117103	0.124214903560219	hsa-miR-1243
NA	NA	0.716554885796613	0.769928683675289	0.122497481013139	hsa-miR-561
NA	NA	0.753452000366895	0.661342017085671	-0.120760349427007	hsa-miR-1538
NA	NA	0.784596821275756	0.564962059634964	0.119529164677007	hsa-miR-1178
NA	NA	0.716554885796613	0.767061632549255	-0.119118572291971	hsa-miR-1283
NA	NA	0.758385886264134	0.640238775199829	0.118265240361843	hsa-miR-130b*
NA	NA	0.734359528651772	0.713092576333738	0.116290283912044	hsa-miR-592
NA	NA	0.702352040283091	0.841683287674638	0.115999359843066	hsa-miR-876-3p
NA	NA	0.758385886264134	0.639166276770128	-0.115751507655292	hsa-miR-222*
NA	NA	0.700597703092314	0.854796250344057	-0.115561279828467	hsa-miR-185*
NA	NA	0.94484777602878	0.122679102174492	-0.113754993591241	hsa-miR-10a*
NA	NA	0.837800260636736	0.420782853596336	-0.113097253928833	hsa-miR-885-3p
NA	NA	0.785484363899111	0.561548787708921	0.112736542916058	hsa-miR-380
NA	NA	0.716554885796613	0.770124431196156	-0.111838052983577	hsa-miR-802
NA	NA	0.69432211791736	0.881603725295597	0.110906953354015	hsa-miR-1324
NA	NA	0.753452000366895	0.662304621307526	-0.109379933440328	hsa-miR-510
NA	NA	0.716554885796613	0.759642471882911	0.10927553129781	hsa-miR-1284
NA	NA	0.852666324183237	0.37871000429845	-0.108836316833212	hsa-miR-501-3p
NA	NA	0.716554885796613	0.764607381604459	0.107210310859854	hsa-miR-1184
NA	NA	0.704743809733435	0.832916082019701	0.104979090569343	ebv-miR-BART8
NA	NA	0.75452165616362	0.651990513105876	0.104049005056022	hsa-miR-1258
NA	NA	0.817161108376962	0.478663230403639	0.104040390217153	bkv-miR-B1-5p
NA	NA	0.956236909837829	0.0924840030291074	0.102027646295614	hsa-miR-150*
NA	NA	0.741440705886378	0.690029275932678	-0.101803589690146	hsa-miR-302c*
NA	NA	0.69432211791736	0.885300475804113	0.0985876762698905	hsa-miR-651
NA	NA	0.76169516098129	0.629305272151272	0.0973654377728102	hsa-miR-130a*
NA	NA	0.951119838852151	0.107709279389725	0.0967146344474455	hsa-miR-32
NA	NA	0.901500133651103	0.251442530278339	-0.0965053858686127	hsa-miR-671-3p
NA	NA	0.911019981883887	0.231349615236805	-0.0958949715671539	hsa-miR-602
NA	NA	0.76169516098129	0.627450775966648	0.0956200854519708	hsa-miR-518a-5p
NA	NA	0.75404554022008	0.654723901065585	0.0947619576715326	hsa-miR-323b-5p
NA	NA	0.725581364163482	0.736001251980045	0.093967748423175	hsa-miR-220c_v15.0
NA	NA	0.763725186271994	0.619999650795948	-0.0939588106788317	hsa-miR-1248
NA	NA	0.710749459081794	0.80825955858114	-0.0931304279610803	hsa-miR-614
NA	NA	0.774842287464691	0.591955059358573	0.090085523881387	ebv-miR-BART20-5p
NA	NA	0.837800260636736	0.416057591853118	-0.0854976602547446	hsa-miR-605
NA	NA	0.989748990856025	0.016402638735531	-0.0851891952189696	hsa-miR-939
NA	NA	0.739724653653016	0.697555513942142	0.0847817310583941	hcmv-miR-UL22A*
NA	NA	0.975938029058613	0.0490329953234835	-0.082859849405108	hsa-miR-301b
NA	NA	0.943004477161344	0.137870840080447	0.0824157607846713	hsa-miR-135a*
NA	NA	0.873170964637974	0.319101225946587	-0.0791630301645623	hsa-miR-19b-1*
NA	NA	0.837800260636736	0.417734131421465	-0.0785798937591242	hsa-miR-523
NA	NA	0.888966001096337	0.278252290351422	-0.0780870454361313	hsa-miR-149*
NA	NA	0.926096107411679	0.186465901301039	0.0776870678850364	hsa-miR-122*
NA	NA	0.816786833019167	0.483955249366392	0.0771927195583941	hsa-miR-516a-3p
NA	NA	0.837800260636736	0.427374836313952	0.0762668389813869	hsa-miR-198
NA	NA	0.809799718122107	0.498105889927164	0.0760343112299273	hsa-miR-137
NA	NA	0.837800260636736	0.416284047351396	-0.0754828733959853	hsa-miR-504
NA	NA	0.793050894274493	0.53883973914371	-0.074943125340876	hsa-miR-644
NA	NA	0.808636727372024	0.505460678913137	-0.0735094749481753	ebv-miR-BART14
NA	NA	0.89085953345875	0.271873626601214	0.0605878584791973	hsa-miR-454*
NA	NA	0.817161108376962	0.478038590725555	0.0602137300602006	hsa-miR-518f*
NA	NA	0.854674008291089	0.366825573431532	0.0596941558319348	hsa-miR-1267
NA	NA	0.890537219821793	0.274049208031721	0.0594296558302916	hsa-miR-922
NA	NA	0.90648787342255	0.240188689707962	0.0562419029179014	ebv-miR-BART7
NA	NA	0.83469304850116	0.436959019884817	0.0553989385145987	hsa-miR-509-3p
NA	NA	0.974938441616377	0.0520635273254506	-0.0543577467153283	hsa-miR-192*
NA	NA	0.854674008291089	0.368417248418038	0.0542781520054741	hsa-miR-576-3p
NA	NA	0.876959147577771	0.311183055891394	0.0539823634343066	hsa-miR-1261
NA	NA	0.94206553631984	0.151965258142458	0.0518212519031022	hsa-miR-552
NA	NA	0.85872935401503	0.351060869492423	-0.0499278410875912	hsa-miR-1205
NA	NA	0.941797657759712	0.155748435714117	-0.0478502506992708	hiv1-miR-N367
NA	NA	0.941850977267007	0.154055710502721	-0.0449272175693431	hsa-miR-195*
NA	NA	0.974699172013355	0.053971428563879	0.0413319079620441	hsa-miR-452
NA	NA	0.91815995849357	0.216628400069353	0.0402545636989052	hsa-miR-1911
NA	NA	0.923223313571418	0.203960158988573	0.0363461376350364	hsa-miR-655
NA	NA	0.926096107411679	0.196016545068019	-0.0345923205675185	hsa-miR-1278
NA	NA	0.94206553631984	0.150510381045976	0.0320781913102191	hsa-miR-182*
NA	NA	0.942977797529272	0.139506677169906	-0.0310023327901463	hsa-miR-29b-2*
NA	NA	0.986181201459177	0.0231514523675017	0.0271510028503648	hsa-miR-9*
NA	NA	0.951523675841938	0.104319544998183	0.0271142460978105	hsa-miR-661
NA	NA	0.926096107411679	0.187438448809289	-0.0269334726757298	hsa-miR-518f
NA	NA	0.94484777602878	0.12077717133273	-0.0252556328923356	hsa-miR-570
NA	NA	0.942948895963092	0.146199976299606	-0.0241428192062043	hsa-miR-384
NA	NA	0.950748887352225	0.110217163878174	-0.0229523469981749	hsa-miR-642a
NA	NA	0.943418985552598	0.135643568251332	-0.020159613718978	hsa-miR-551b
NA	NA	0.951119838852151	0.106504390241608	0.0170900886113139	hsa-miR-18a*
NA	NA	0.963980092633212	0.07459653379	0.0164182455587591	hsa-miR-615-3p
NA	NA	0.955927599853679	0.0945180362436973	0.0149155489981753	hsa-miR-1304
NA	NA	0.952179264826667	0.101755178927327	0.0136498791614964	hsa-miR-599
NA	NA	0.963606590591862	0.0767161401953539	0.0118866773031022	hsa-miR-363*
NA	NA	0.974692606197445	0.0555366134510686	0.0114777015260401	hsa-miR-1204
NA	NA	0.983720673381735	0.0298696755065933	0.00942960919160563	hsa-miR-373*
NA	NA	0.983720673381735	0.0324126988315617	0.00687455108868584	hsa-miR-125b-1*
NA	NA	0.980780860617435	0.0403412590549225	0.00608567303704377	hsa-miR-302e
NA	NA	0.983720673381735	0.0338120821549355	-0.00499510323795621	hsa-miR-146a*
NA	NA	0.983720673381735	0.0298381660378996	-0.00451607294525555	hsa-miR-626
NA	NA	0.994230860357008	0.00834721048328669	-0.00191027731204374	hsa-miR-105
