Control Mean	Case Mean	FDR	P.Value	log2FC	name
109600.376901667	96112.6855402778	0.681852870328927	4.31449916183519	13487.6913613889	hsa-miR-423-5p
109598.070063333	96112.0789708333	0.681852870328927	4.31387061434542	13485.9910925	hsa-miR-3184-3p
34335.3710933333	22876.8019880556	0.681852870328927	4.26339938812521	11458.5691052778	hsa-miR-99a-5p
14374.24744125	24460.3349314444	0.284837358314928	10.5549411112311	-10086.0874901944	hsa-let-7a-5p
50795.85941	41045.8499344444	0.777558414602172	2.91791994930517	9750.00947555555	hsa-miR-128-3p
18648.4338066667	26649.7976153889	0.681852870328927	4.53697084643139	-8001.36380872222	hsa-let-7i-5p
30178.8757566667	37613.1011638889	0.681852870328927	5.24747028546723	-7434.22540722221	hsa-let-7b-5p
8307.148243	14767.5264741667	0.377460422368453	9.5637916059499	-6460.37823116667	hsa-let-7f-5p
10057.3974248333	4182.30258752778	0.701327911403816	3.36017258025253	5875.09483730556	hsa-miR-129-5p
20002.64765225	24501.8828444444	0.777558414602172	2.71123787297123	-4499.23519219443	hsa-miR-181b-5p
23512.1712085	27808.4524313333	0.810254705243317	0.643735507224185	-4296.28122283334	hsa-miR-3591-3p
23513.1044551667	27809.1545068889	0.810254705243317	0.643691971959516	-4296.05005172224	hsa-miR-122-5p
88347.80025	85355.4048697222	0.878232494388695	0.377071162708816	2992.39538027777	hsa-miR-486-3p
88550.9508418333	85715.8273163889	0.882815492883583	0.355011465310112	2835.12352544449	hsa-miR-486-5p
5451.17567866667	7566.71355680556	0.681852870328927	4.67742594056329	-2115.53787813889	hsa-miR-26a-5p
3980.65857791667	5930.18645952778	0.681852870328927	6.48282119254745	-1949.52788161111	hsa-let-7c-5p
5262.75056690833	6895.81287905556	0.688676850648852	3.46710433051313	-1633.06231214722	hsa-miR-126-3p
2212.17811466667	3791.26891858333	0.284837358314928	10.9133251499608	-1579.09080391666	hsa-let-7g-5p
4105.98561558333	5591.53540422222	0.681852870328927	3.70336667468494	-1485.54978863889	hsa-miR-21-5p
14986.648285	13596.1122361389	0.777558414602172	1.62264826190809	1390.53604886111	hsa-miR-30d-5p
2569.90002098333	3951.67913372222	0.681852870328927	5.0370991756864	-1381.77911273889	hsa-miR-9-5p
7854.65258458333	8905.45729947222	0.777558414602172	1.111133778643	-1050.80471488889	hsa-miR-9-3p
8114.81409808333	9161.90638586111	0.777558414602172	1.83133259750437	-1047.09228777777	hsa-miR-25-3p
10742.2067459167	11696.4147250278	0.777558414602172	0.869306779250338	-954.207979111108	hsa-miR-181a-5p
68389.6872758333	67593.12272	0.93608412505513	0.181314329600409	796.564555833349	hsa-miR-92a-3p
6826.67737116667	7607.98433305556	0.777558414602172	2.02607596064556	-781.306961888885	hsa-miR-423-3p
6794.30704716667	7573.03109	0.777558414602172	2.03050228504367	-778.724042833333	hsa-miR-3184-5p
20060.78187	20824.2310694444	0.832690104561401	0.547346341802481	-763.449199444443	hsa-miR-100-5p
10144.4925259167	9465.23711397222	0.777558414602172	0.849855318286927	679.255411944445	hsa-miR-92b-3p
25646.2295466667	26238.8800711111	0.8888738232508	0.333784910193546	-592.650524444434	hsa-miR-320a
5923.48174975	6461.58761744444	0.777558414602172	0.932541933108452	-538.105867694444	hsa-miR-328-3p
3785.45604258333	4295.5140705	0.777558414602172	1.85297557643762	-510.058027916667	hsa-miR-222-3p
6917.5796855	6418.59043797222	0.777558414602172	1.12313507078748	498.989247527778	hsa-miR-99b-5p
16020.29404525	15567.9660835	0.935153000519033	0.186459084111132	452.327961750005	hsa-miR-148a-3p
3917.27573191667	3502.60242913889	0.777558414602172	2.48066160130317	414.67330277778	hsa-miR-323a-3p
6272.614964	5878.36012083333	0.777558414602172	0.899117793223407	394.254843166668	hsa-miR-22-3p
962.548688333333	1322.28522465833	0.681852870328927	3.54954444106239	-359.736536325	hsa-miR-101-3p
762.368134041667	1103.18321041944	0.681852870328927	5.90393928031821	-340.815076377777	hsa-let-7e-5p
24439.4867266667	24101.9301513056	0.970026081113811	0.0883512846331425	337.556575361119	hsa-miR-451a
1471.8363695	1135.08000681667	0.653921136515931	7.54860791106269	336.756362683334	hsa-let-7d-3p
9807.16935016667	9501.26678486111	0.883794184419962	0.34841147465334	305.902565305561	hsa-miR-10b-5p
5173.62957758333	4870.98060925	0.803418646023618	0.673065144010565	302.648968333331	hsa-miR-125b-5p
312.032258208333	611.102995272222	0.538239395397982	8.31490340397908	-299.070737063889	hsa-miR-146b-5p
755.639730875	1027.861840575	0.681852870328927	4.24835891772896	-272.2221097	hsa-miR-181d-5p
423.119988891667	675.587543130556	0.681852870328927	6.12580483685953	-252.467554238889	hsa-miR-146a-5p
1729.11775394167	1978.97509027778	0.777558414602172	2.18950115542442	-249.857336336111	hsa-miR-191-5p
472.956300071667	225.236303188056	0.681852870328927	3.52231464878109	247.719996883611	hsa-miR-543
1576.43354923333	1346.66924754722	0.777558414602172	1.69802168905173	229.764301686111	hsa-miR-433-3p
524.768059763333	308.359451871111	0.777558414602172	2.09643692787146	216.408607892222	hsa-miR-218-5p
735.8361413	951.947955416667	0.777558414602172	1.02482689447896	-216.111814116667	hsa-miR-7-5p
1901.89345830833	1688.594736975	0.777558414602172	2.07194188012463	213.298721333334	hsa-miR-3615
1718.91012088333	1929.79334466667	0.777558414602172	1.37606941341499	-210.883223783333	hsa-miR-127-3p
353.682502391667	563.109757847222	0.538239395397982	8.49155735226806	-209.427255455555	hsa-let-7d-5p
731.129033408333	937.335673527778	0.777558414602172	0.993050229321731	-206.206640119445	hsa-miR-3529-3p
912.979833666667	711.161641577778	0.777558414602172	1.32388278486279	201.818192088889	hsa-miR-432-5p
1041.12796035	849.417749113889	0.777558414602172	1.42745798874418	191.710211236111	hsa-miR-30a-5p
1599.75615578333	1418.58870853889	0.777558414602172	0.884256565448394	181.167447244444	hsa-miR-381-3p
894.155271475	1070.32024208056	0.777558414602172	2.88408864359167	-176.164970605556	hsa-miR-139-5p
2807.06516175	2641.05994215833	0.87591432827484	0.407495065777123	166.005219591667	hsa-miR-125a-5p
956.364189958333	794.514110255556	0.777558414602172	1.66986546710211	161.850079702778	hsa-miR-409-3p
211.80317905	370.797780528056	0.681852870328927	4.62089629826114	-158.994601478056	hsa-miR-98-5p
1858.17907525	2007.36164144444	0.777558414602172	0.846623065981503	-149.182566194444	hsa-miR-24-3p
659.634129755	806.082932875	0.777558414602172	1.09780866506301	-146.44880312	hsa-miR-223-5p
1858.17907525	2004.59182005556	0.777558414602172	0.829285426463324	-146.412744805555	hsa-miR-3074-5p
220.12920055	74.9527287647222	0.681852870328927	5.07604454595031	145.176471785278	hsa-miR-105-5p
874.569006858333	1011.59132353611	0.777558414602172	2.98137490424607	-137.022316677777	hsa-miR-484
357.319111616667	490.140440669444	0.681852870328927	4.1740881444399	-132.821329052778	hsa-miR-379-5p
5028.85343883333	4897.80109522222	0.915156536834429	0.237173755342507	131.052343611112	hsa-miR-151a-3p
1467.46978554167	1587.684644475	0.777558414602172	1.45371294659449	-120.214858933333	hsa-miR-204-3p
331.2598792025	445.399131905556	0.681852870328927	3.92226548225398	-114.139252703055	hsa-miR-16-2-3p
252.800314226417	365.9777461875	0.681852870328927	4.8454564235243	-113.177431961083	hsa-miR-150-5p
453.3954470275	560.342514718056	0.777558414602172	1.80984089886771	-106.947067690555	hsa-miR-182-5p
1107.10966945833	1002.39075399167	0.777558414602172	0.887678582661691	104.718915466667	hsa-miR-760
250.305184625	348.668881545	0.681852870328927	5.2143532259673	-98.3636969199999	hsa-miR-30e-3p
3694.02383891667	3596.06227975	0.890219126528411	0.306875259335234	97.9615591666666	hsa-miR-10a-5p
5116.5131825	5018.64370530556	0.915156536834429	0.236249902426874	97.8694771944456	hsa-miR-320b
704.741632041667	799.414552502778	0.777558414602172	0.788979933787914	-94.6729204611112	hsa-miR-23a-3p
590.385541075	684.650590597222	0.777558414602172	2.02758161917772	-94.2650495222221	hsa-miR-584-5p
323.648706983333	417.659313894444	0.750861746848216	3.14988906534361	-94.0106069111111	hsa-miR-1307-3p
298.351488283333	389.726729208333	0.681852870328927	5.74178576295586	-91.3752409250001	hsa-miR-873-3p
283.247023541667	372.023250769167	0.777558414602172	2.56601661118729	-88.7762272275	hsa-miR-23b-3p
1381.240797725	1296.70581535	0.807485235903553	0.661474651053119	84.5349823750003	hsa-miR-885-5p
520.532839508333	603.693307397222	0.777558414602172	1.27829314475209	-83.1604678888887	hsa-miR-27a-3p
140.365484778333	219.119404231389	0.681852870328927	4.51456943075708	-78.7539194530555	hsa-miR-142-5p
327.461778243333	253.931016397778	0.777558414602172	1.46685228139149	73.5307618455555	hsa-miR-124-3p
130.2661890375	202.768464337778	0.681852870328927	4.12884147475903	-72.5022753002777	hsa-miR-26b-5p
1533.54354169167	1605.97774797222	0.798517519345178	0.687947857538268	-72.4342062805547	hsa-miR-1224-5p
131.542566275	202.714334576111	0.681852870328927	6.33086888881923	-71.1717683011111	hsa-miR-192-5p
1028.88445654167	961.401194344444	0.832690104561401	0.547530615282992	67.4832621972224	hsa-miR-143-3p
108.900944331417	175.178369836111	0.750861746848216	3.14530493901677	-66.2774255046945	hsa-miR-1246
1026.40303445	1092.03841485	0.847487916948236	0.501793878795548	-65.6353804000003	hsa-miR-27b-3p
172.885687281667	111.106440073333	0.777558414602172	1.54212724084455	61.7792472083334	hsa-miR-382-5p
167.707928268333	228.63134291	0.777558414602172	2.27614689546981	-60.9234146416666	hsa-miR-199a-5p
323.678282664167	264.331810440556	0.777558414602172	1.67504986297944	59.3464722236113	hsa-miR-30e-5p
361.222532505833	418.385788108333	0.777558414602172	1.58035595759632	-57.1632556025001	hsa-miR-103a-3p
173.338257714167	228.581442247778	0.681852870328927	3.73045178369481	-55.2431845336111	hsa-miR-16-5p
119.942510929167	175.120084071111	0.681852870328927	5.06887899455362	-55.1775731419445	hsa-miR-155-5p
360.2892857725	414.964480375	0.777558414602172	1.50767519503602	-54.6751946025	hsa-miR-103b
552.376337191667	498.120360838889	0.788222377598614	0.727382265016329	54.2559763527779	hsa-miR-219b-5p
167.999072488333	222.003936981667	0.681852870328927	3.79668805733541	-54.0048644933333	hsa-miR-574-5p
555.766698125	501.785215366667	0.788222377598614	0.720154566648165	53.9814827583335	hsa-miR-219a-2-3p
2153.88363225	2207.54970105556	0.890219126528411	0.306038194495638	-53.6660688055554	hsa-miR-744-5p
222.786513764167	276.301932244444	0.777558414602172	2.09449618384296	-53.5154184802777	hsa-miR-185-5p
347.1369435625	399.507773288056	0.777558414602172	1.02910346143511	-52.3708297255553	hsa-miR-183-5p
899.707874366667	951.831681336111	0.851943017279825	0.470496812849993	-52.1238069694442	hsa-miR-140-3p
997.014580283333	1048.023870125	0.850913450091937	0.484167939081532	-51.0092898416663	hsa-miR-378a-3p
413.848109318333	463.350423794444	0.777558414602172	1.42316726235547	-49.502314476111	hsa-miR-30c-5p
267.779407458333	316.961935642222	0.777558414602172	1.69142819242816	-49.1825281838887	hsa-miR-139-3p
446.309992375	495.306614613889	0.777558414602172	1.33813914874331	-48.9966222388887	hsa-miR-370-3p
605.426116075	651.842223255556	0.777558414602172	0.769522012157555	-46.4161071805554	hsa-miR-532-5p
159.20847093	205.374571135278	0.777558414602172	2.20848238132258	-46.1661002052777	hsa-miR-107
417.5117743	371.621270175	0.777558414602172	1.43768976624988	45.8905041250001	hsa-miR-99b-3p
40.4855971958333	85.4504740266667	0.681852870328927	5.12581426434814	-44.9648768308334	hsa-miR-941
285.464906616667	328.522132716667	0.777558414602172	2.04771163846819	-43.0572260999999	hsa-miR-425-5p
1670.22828318333	1628.13539145833	0.903112838805278	0.268121414047314	42.0928917250008	hsa-miR-320c
44.3201012355833	82.7187165844445	0.681852870328927	6.42928135972431	-38.3986153488611	hsa-miR-7641
328.006611458333	289.834597969444	0.777558414602172	0.957065378835215	38.172013488889	hsa-miR-361-3p
792.916200683333	830.496583436111	0.824855188722418	0.609427638416959	-37.5803827527776	hsa-miR-330-3p
139.936627235833	176.918853913611	0.777558414602172	2.53995180107159	-36.9822266777777	hsa-miR-30a-3p
79.6458420533333	45.2314496894722	0.777558414602172	1.40753794778536	34.4143923638611	hsa-miR-889-3p
41.9321343108333	75.2377071569444	0.681852870328927	5.72426305582835	-33.3055728461111	hsa-miR-20a-5p
60.3152748525	28.3711369586389	0.681852870328927	6.36198214156795	31.9441378938611	hsa-miR-1-3p
111.5551735225	81.38955589	0.777558414602172	1.50980665274839	30.1656176325	hsa-miR-206
49.4468188225	19.9892749447222	0.777558414602172	2.49104085177045	29.4575438777778	hsa-miR-495-3p
530.105406433333	559.557817116111	0.890219126528411	0.305381679823408	-29.4524106827777	hsa-miR-375
713.4188052375	742.700962702778	0.890484875226219	0.299463584151619	-29.2821574652771	hsa-miR-629-5p
181.2581871675	210.404052261944	0.777558414602172	1.27170653530241	-29.1458650944444	hsa-miR-106b-3p
187.553854555833	159.055861287222	0.777558414602172	1.08629117825899	28.4979932686111	hsa-miR-125b-2-3p
28.2483631805833	56.0988575867778	0.681852870328927	5.59726495514188	-27.8504944061944	hsa-miR-142-3p
291.1269876325	263.365359015833	0.789168954492603	0.714057879907838	27.7616286166667	hsa-miR-193a-5p
262.8275830975	235.253171928056	0.777558414602172	1.03621959000566	27.5744111694446	hsa-miR-320d
226.7726677575	252.910943370833	0.782199963499166	0.751504119422823	-26.1382756133332	hsa-miR-148b-3p
14.6318263466667	40.5857043511111	0.681852870328927	4.66615014355723	-25.9538780044444	hsa-miR-144-5p
89.3405054583333	114.970615536111	0.777558414602172	1.82682732862368	-25.6301100777777	hsa-miR-378c
132.0577092825	156.862327288611	0.777558414602172	1.1045642651852	-24.8046180061111	hsa-miR-340-5p
89.61219078975	114.041940896111	0.777558414602172	1.2480955152111	-24.4297501063611	hsa-miR-4433b-3p
14.2927622025	37.977754435	0.681852870328927	5.10579006863011	-23.6849922325	hsa-miR-589-5p
18.0327485925	41.3822009666667	0.653921136515931	7.56924802001108	-23.3494523741667	hsa-miR-1291
89.61219078975	112.786082765278	0.777558414602172	1.17594267790483	-23.1738919755278	hsa-miR-4433a-5p
220.674911349167	197.502667006111	0.777558414602172	0.80016270162183	23.1722443430556	hsa-miR-708-3p
45.099228825	23.1210495765	0.681852870328927	3.89854996328078	21.9781792485	hsa-miR-346
40.149523805	19.8977146959444	0.681852870328927	4.74754852740072	20.2518091090556	hsa-miR-4732-3p
22.3574919291667	42.2313813177778	0.681852870328927	4.35735594631528	-19.8738893886111	hsa-miR-138-5p
241.714752886667	261.211569519444	0.798517519345178	0.68881078278291	-19.4968166327778	hsa-miR-28-3p
20.6509118583333	40.0964005744444	0.681852870328927	4.56354890693759	-19.4454887161111	hsa-miR-424-3p
110.4559394875	91.4247631533333	0.777558414602172	1.01320914298528	19.0311763341667	hsa-miR-483-5p
73.5966669319167	55.5922817412222	0.777558414602172	1.66795181930549	18.0043851906945	hsa-miR-184
27.87480690975	45.8475569397222	0.681852870328927	3.57868817569502	-17.9727500299722	hsa-miR-126-5p
37.492994335	19.6653787672222	0.681852870328927	3.84027869321446	17.8276155677778	hsa-miR-656-3p
69.8295424025	52.5654921526111	0.777558414602172	1.81875075862818	17.2640502498889	hsa-miR-212-5p
6.61922553	23.5062010297222	0.681852870328927	4.25905308742971	-16.8869754997222	hsa-miR-127-5p
79.1410387116667	95.8701853030555	0.777558414602172	1.53803946807861	-16.7291465913889	hsa-miR-339-3p
49.8553141366667	66.3660276811111	0.777558414602172	2.14825390680382	-16.5107135444445	hsa-miR-625-3p
27.06840459225	43.4768620833333	0.777558414602172	2.2411922149672	-16.4084574910833	hsa-miR-223-3p
77.0763764466667	93.3045203619444	0.777558414602172	1.39281447499169	-16.2281439152778	hsa-miR-199a-3p
513.540250225	497.353767175	0.880504666479474	0.360694800788238	16.1864830500002	hsa-miR-129-1-3p
71.7100473375	55.7197458919444	0.777558414602172	1.93656359838559	15.9903014455556	hsa-miR-149-5p
104.872137900833	89.1631831747222	0.777558414602172	1.23207430057745	15.7089547261111	hsa-miR-502-3p
17.8453537425	33.351656029	0.701327911403816	3.3680159151529	-15.5063022865	hsa-miR-574-3p
7.6548494	22.6554878144444	0.703440250640208	3.31991426353427	-15.0006384144444	hsa-miR-4508
118.615958866667	133.595541804556	0.782199963499166	0.749678138788086	-14.9795829378888	hsa-miR-671-3p
23.5236054066667	38.2989102409444	0.777558414602172	2.84586472276382	-14.7753048342778	hsa-miR-323a-5p
103.7117158375	118.442395365	0.777558414602172	1.04735248274564	-14.7306795275	hsa-miR-342-5p
117.90234917	103.747898941222	0.828411870159506	0.597949878076458	14.1544502287778	hsa-miR-224-5p
69.6087713666667	83.5312031372222	0.777558414602172	1.15959621292587	-13.9224317705555	hsa-miR-93-5p
34.11086457	20.3234464059444	0.75175356999486	3.1324518619561	13.7874181640556	hsa-miR-187-5p
24.8325420416667	11.3983988987222	0.681852870328927	6.35895292096037	13.4341431429445	hsa-miR-200a-3p
14.09342844725	27.4541757325278	0.681852870328927	3.70949633930826	-13.3607472852778	hsa-miR-15b-5p
98.0895658166667	85.1107782844445	0.777558414602172	0.927379645128362	12.9787875322223	hsa-miR-1296-5p
97.2634538175	110.2131712125	0.777558414602172	0.888326362989858	-12.949717395	hsa-miR-1298-5p
175.658829779167	162.718027237778	0.832690104561401	0.551420274857895	12.9408025413889	hsa-miR-132-3p
68.3312850008333	81.1677952938889	0.777558414602172	0.764053758244683	-12.8365102930556	hsa-miR-134-5p
15.85674932775	28.2435266984444	0.777558414602172	2.58849595967595	-12.3867773706944	hsa-miR-1301-3p
89.0300083675	101.376705143611	0.777558414602172	1.01107679035076	-12.3466967761111	hsa-miR-330-5p
16.4233512658333	4.60949549094444	0.681852870328927	4.93535144164886	11.8138557748889	hsa-miR-136-3p
0.456220405583333	12.2038688330556	0.681852870328927	4.15821990862459	-11.7476484274722	hsa-miR-219a-5p
0.456220405583333	12.2038688330556	0.681852870328927	4.15821990862459	-11.7476484274722	hsa-miR-219b-3p
281.336825693333	269.794797966944	0.890219126528411	0.308807959200223	11.5420277263889	hsa-miR-363-3p
276.370455316667	287.773164627778	0.890219126528411	0.313242725304831	-11.4027093111109	hsa-miR-326
72.025500975	83.3158360041667	0.777558414602172	0.796382827348293	-11.2903350291667	hsa-miR-152-3p
11.1158843708333	22.3262463536111	0.777558414602172	1.90966411206542	-11.2103619827778	hsa-miR-4433a-3p
11.1158843708333	22.3262463536111	0.777558414602172	1.90966411206542	-11.2103619827778	hsa-miR-4433b-5p
15.8510570683333	26.3065878948333	0.777558414602172	2.37163714807836	-10.4555308265	hsa-miR-221-5p
38.6606467258333	49.0887207744722	0.812943666857715	0.632533169025343	-10.4280740486389	hsa-miR-299-5p
7.59672103641667	17.9749527664167	0.681852870328927	3.52345921912988	-10.37823173	hsa-miR-345-5p
10.99865323725	21.3730943717778	0.777558414602172	1.41170691989095	-10.3744411345278	hsa-miR-200c-3p
15.02161152225	4.68798544188889	0.681852870328927	5.21226240993462	10.3336260803611	hsa-miR-582-3p
6.57267700416667	16.8573381404167	0.777558414602172	2.93547932773109	-10.28466113625	hsa-miR-1908-5p
6.92845896	17.1020396073611	0.777558414602172	3.06105392547685	-10.1735806473611	hsa-miR-32-5p
35.62158188	25.4710044263889	0.777558414602172	2.34633847388428	10.1505774536111	hsa-miR-1306-5p
18.6091453241667	28.5991106136111	0.777558414602172	1.50464895146233	-9.98996528944445	hsa-miR-511-5p
129.358515518583	139.024177605	0.832690104561401	0.568367229496046	-9.6656620864166	hsa-miR-1180-3p
5.93236140225	15.4779813416667	0.741094170060301	3.19636645099704	-9.54561993941667	hsa-miR-6842-3p
31.5698245	22.0322733147222	0.777558414602172	2.52325634147472	9.53755118527779	hsa-miR-935
47.98402934	38.4735858947222	0.777558414602172	0.80978139487562	9.51044344527778	hsa-miR-132-5p
13.4335512639167	3.93631444891667	0.681852870328927	6.37776553390203	9.497236815	hsa-miR-199b-5p
1.14872481391667	10.55204298975	0.777558414602172	3.02217667933896	-9.40331817583333	hsa-miR-493-3p
128.7272619725	138.017012777778	0.832690104561401	0.556620835129675	-9.28975080527772	hsa-miR-2110
48.0953248325	38.957333474	0.777558414602172	0.977312254971187	9.1379913585	hsa-miR-338-5p
47.9812697314167	38.957333474	0.777558414602172	0.961601844063591	9.02393625741666	hsa-miR-3065-3p
37.5872623008333	28.62241995625	0.777558414602172	1.86163578902325	8.96484234458335	hsa-miR-1343-3p
4.48365240641667	13.1502599697222	0.777558414602172	2.69350825484675	-8.66660756330555	hsa-miR-6852-5p
7.7417851725	16.3125869297222	0.777558414602172	2.49567209457663	-8.57080175722222	hsa-miR-24-2-5p
5.52055783333333	13.9636588916667	0.725694099939737	3.26320344301709	-8.44310105833333	hsa-miR-19b-3p
138.161381740833	146.386218569722	0.869184621858219	0.433664185523627	-8.22483682888881	hsa-miR-204-5p
30.7605966125	38.9276640676111	0.777558414602172	1.29046591701396	-8.16706745511109	hsa-miR-885-3p
1.16135693108333	9.26641589972222	0.681852870328927	4.17713432421547	-8.10505896863889	hsa-miR-20b-5p
19.7232358591667	27.45547555	0.777558414602172	1.24128354827054	-7.73223969083333	hsa-miR-532-3p
22.3917865941667	30.1171475441667	0.777558414602172	1.15848997679254	-7.72536095	hsa-miR-193b-5p
123.804737300833	116.152028735	0.87591432827484	0.4068127138177	7.65270856583335	hsa-miR-212-3p
57.2371002533333	64.8889503477778	0.808246367612933	0.65582167572341	-7.65185009444442	hsa-miR-194-5p
866.545114333333	859.006330741667	0.962583019724335	0.106424995908271	7.53878359166708	hsa-miR-501-3p
14.66238847275	7.20625465983333	0.681852870328927	3.73171561995147	7.45613381291667	hsa-miR-550a-3-5p
14.66238847275	7.20625465983333	0.681852870328927	3.73171561995147	7.45613381291667	hsa-miR-550a-5p
19.6842469630833	27.0224441729167	0.777558414602172	1.16291304876763	-7.33819720983332	hsa-miR-1228-5p
2.7542556825	9.94153068277778	0.777558414602172	2.92386770945721	-7.18727500027778	hsa-miR-493-5p
65.5350571225	72.6114458933333	0.832690104561401	0.54691310669796	-7.07638877083333	hsa-miR-378d
63.7425323375	56.7101284108333	0.777558414602172	0.818053703821691	7.03240392666668	hsa-miR-92b-5p
12.0833554283333	19.0843609005833	0.777558414602172	2.49111480607014	-7.00100547224999	hsa-miR-185-3p
27.5104869233333	34.4800785384444	0.777558414602172	0.916558875839713	-6.9695916151111	hsa-miR-215-5p
16.2630812008333	23.2225387502778	0.777558414602172	1.70965064881693	-6.95945754944443	hsa-miR-335-3p
18.823998155	25.7393028088333	0.777558414602172	1.51963437173736	-6.91530465383334	hsa-miR-340-3p
2.76197418166667	9.66934480319444	0.777558414602172	1.81466460190714	-6.90737062152778	hsa-miR-4755-5p
1.25251972225	8.08982623761111	0.777558414602172	2.24265069173925	-6.83730651536111	hsa-miR-95-3p
36.8984166933333	30.1407685591944	0.777558414602172	1.1258406786824	6.7576481341389	hsa-miR-615-3p
9.71049909775	16.3403850350278	0.777558414602172	1.40798588085454	-6.62988593727777	hsa-miR-323b-3p
28.601671795	22.0318516319444	0.777558414602172	1.51921134646824	6.56982016305556	hsa-miR-331-5p
141.73775742	148.301353220278	0.890219126528411	0.306517883552341	-6.56359580027771	hsa-miR-125a-3p
1.25155192416667	7.81363099169444	0.703440250640208	3.33299949454399	-6.56207906752778	hsa-miR-541-5p
108.086395781667	114.646725746944	0.878232494388695	0.372097638630828	-6.56032996527776	hsa-miR-455-5p
12.7536289814167	19.2371745372222	0.777558414602172	1.30869004976652	-6.48354555580555	hsa-miR-769-5p
10.92198595225	17.389695814	0.777558414602172	1.39057613459797	-6.46770986175	hsa-miR-4326
96.9350054066667	103.3307550625	0.832690104561401	0.543775436219548	-6.39574965583333	hsa-miR-874-3p
48.1166948291667	54.5069129108333	0.812943666857715	0.634535071691408	-6.39021808166667	hsa-miR-195-3p
9.5164034475	15.9005101479167	0.777558414602172	1.83328221406783	-6.38410670041666	hsa-miR-744-3p
11.8056675669167	5.45515269622222	0.701327911403816	3.42006639845377	6.35051487069445	hsa-miR-550b-3p
274.67640005	280.981257686389	0.957660228213724	0.12432718954708	-6.30485763638893	hsa-miR-221-3p
21.0357626264167	27.2914534988889	0.777558414602172	1.13139682642782	-6.25569087247221	hsa-miR-625-5p
9.94081955858333	3.71898564511111	0.764999439060867	3.09619779751909	6.22183391347222	hsa-miR-337-5p
3.93132109358333	10.0757735301389	0.777558414602172	1.54242849557219	-6.14445243655555	hsa-miR-4755-3p
11.7115280264167	5.73260499416667	0.777558414602172	2.91493341315417	5.97892303225	hsa-miR-642a-3p
11.7115280264167	5.73260499416667	0.777558414602172	2.91493341315417	5.97892303225	hsa-miR-642b-5p
279.099187766667	273.147938519444	0.9324610524457	0.199482124233297	5.95124924722234	hsa-miR-129-2-3p
1.05529181141667	6.99736026055556	0.777558414602172	2.86776240264959	-5.94206844913889	hsa-miR-3130-3p
1.05529181141667	6.99736026055556	0.777558414602172	2.86776240264959	-5.94206844913889	hsa-miR-3130-5p
44.0680943858333	49.9633657794722	0.808246367612933	0.656861991464687	-5.8952713936389	hsa-miR-339-5p
3.19888620916667	9.05591915586111	0.777558414602172	2.71529644982532	-5.85703294669444	hsa-miR-30c-2-3p
12.90154112775	7.04964151013889	0.701327911403816	3.37634217240834	5.85189961761111	hsa-miR-25-5p
10.8082584875	5.04621533372222	0.681852870328927	4.17574862364289	5.76204315377778	hsa-miR-3074-3p
10.0941164883333	4.35357073611111	0.777558414602172	2.86826092013367	5.74054575222222	hsa-miR-181c-3p
9.05350694441667	3.33634789013889	0.777558414602172	2.67228001828182	5.71715905427778	hsa-miR-130a-3p
10.6942033858333	5.04621533372222	0.681852870328927	4.06059571809857	5.64798805211111	hsa-miR-24-1-5p
18.3165050108333	23.857151699	0.777558414602172	0.786843538210987	-5.54064668816666	hsa-miR-128-2-5p
2.62575086808333	8.15889749383333	0.777558414602172	2.3357030863378	-5.53314662575	hsa-miR-365a-5p
19.0226503675	13.5904920791944	0.777558414602172	1.31093405519198	5.43215828830556	hsa-miR-490-3p
78.5233855325	83.9533962752778	0.848088825736178	0.497048336407093	-5.43001074277775	hsa-miR-652-3p
13.77215664475	19.1641775288889	0.777558414602172	1.36640591104769	-5.39202088413889	hsa-miR-1273h-3p
123.0658931175	128.445868777222	0.893935050674066	0.290199629442882	-5.37997565972213	hsa-miR-125b-1-3p
13.8575193375	8.59005812361111	0.777558414602172	1.48281775588016	5.26746121388889	hsa-miR-365a-3p
13.3673226433333	18.6151360037222	0.777558414602172	1.29872280463937	-5.24781336038888	hsa-miR-34b-3p
6.03573974083333	0.954626839166667	0.736505415649949	3.21859907065493	5.08111290166667	hsa-miR-3065-5p
6.03573974083333	0.954626839166667	0.736505415649949	3.21859907065493	5.08111290166667	hsa-miR-338-3p
6.65421062416667	1.58041994844444	0.681852870328927	4.59589449008116	5.07379067572222	hsa-miR-18a-3p
0	5.06242432361111	0.681852870328927	3.95539855386375	-5.06242432361111	hsa-miR-1287-5p
7.42351573641667	2.37233810361111	0.777558414602172	1.91653282161987	5.05117763280556	hsa-miR-6842-5p
24.3652169633333	19.3857223664167	0.777558414602172	0.929501481238849	4.97949459691667	hsa-miR-660-5p
6.167149275	1.18910383972222	0.777558414602172	2.89361002364421	4.97804543527778	hsa-let-7e-3p
1.87448343833333	6.81581273833333	0.777558414602172	2.48776652860537	-4.9413293	hsa-miR-1292-5p
10.6972482683333	5.76078320416667	0.777558414602172	2.04265801546558	4.93646506416667	hsa-miR-3605-3p
9.85175363916667	5.00069248577778	0.777558414602172	1.88713116088551	4.85106115338889	hsa-miR-379-3p
8.32732886941667	3.48598733566667	0.681852870328927	3.96378195430885	4.84134153375	hsa-miR-214-3p
0	4.79492661305556	0.701327911403816	3.38873020009401	-4.79492661305556	hsa-miR-581
15.0902704066667	19.8472060937222	0.777558414602172	0.843161392778718	-4.75693568705556	hsa-miR-8485
16.16199156225	11.4106895288889	0.777558414602172	1.38430811546638	4.75130203336112	hsa-miR-942-5p
9.9803087975	5.27746368455556	0.777558414602172	2.12012490477691	4.70284511294444	hsa-miR-3656
4.6271053425	0	0.681852870328927	6.21307260962116	4.6271053425	hsa-miR-1288-3p
13.4542633885833	8.83466226975	0.777558414602172	1.38375426721238	4.61960111883334	hsa-miR-576-3p
6.64345240691667	2.06688451372222	0.777558414602172	2.37944238706882	4.57656789319445	hsa-miR-151b
3.9858201675	8.5585406225	0.777558414602172	1.7399431314157	-4.572720455	hsa-miR-133a-3p
0.94123671	5.49585113388889	0.777558414602172	2.84383046977118	-4.55461442388889	hsa-miR-4286
18.761437725	23.3142739920556	0.788222377598614	0.722786250294258	-4.55283626705555	hsa-miR-181c-5p
3.81980768691667	8.36845975138889	0.777558414602172	1.71715734221521	-4.54865206447222	hsa-miR-671-5p
17.8134410366667	13.3059479689167	0.777558414602172	1.35606402155333	4.50749306775	hsa-miR-3605-5p
8.14312389083333	3.74352803361111	0.777558414602172	1.65483972371104	4.39959585722222	hsa-miR-7854-3p
4.64576132166667	0.25365285475	0.681852870328927	5.4610002365555	4.39210846691667	hsa-miR-5189-3p
8.683770295	13.0028417669444	0.777558414602172	1.16656155781545	-4.31907147194445	hsa-miR-30b-5p
0	4.31521974752778	0.681852870328927	3.77070344718804	-4.31521974752778	hsa-miR-148b-5p
103.454045688333	107.736200992778	0.907520961407818	0.255614638476685	-4.28215530444444	hsa-miR-361-5p
2.052991825	6.27750468347222	0.777558414602172	2.12681020801087	-4.22451285847222	hsa-miR-124-5p
5.28578956833333	9.42350643444444	0.777558414602172	1.60789340178474	-4.13771686611111	hsa-miR-4746-5p
10.1695480180833	6.05003806177778	0.777558414602172	1.27999724691977	4.11950995630556	hsa-miR-10b-3p
8.90148148191667	4.78721499111111	0.777558414602172	1.76547923380074	4.11426649080556	hsa-miR-3138
1.05529181141667	5.094658465	0.777558414602172	2.6078754694189	-4.03936665358333	hsa-miR-708-5p
39.6345321114167	43.6479547333333	0.847487916948236	0.500087258150766	-4.01342262191666	hsa-miR-3158-3p
39.6345321114167	43.6479547333333	0.847487916948236	0.500087258150766	-4.01342262191666	hsa-miR-3158-5p
30.3658176391667	34.3643917572222	0.832690104561401	0.576527349477891	-3.99857411805553	hsa-miR-411-5p
14.5229906866667	18.4537877439167	0.777558414602172	0.953374644118165	-3.93079705725	hsa-miR-431-3p
0	3.92055244927778	0.681852870328927	3.85924462366807	-3.92055244927778	hsa-miR-374a-3p
0.456220405583333	4.33907474788889	0.777558414602172	1.58600807955319	-3.88285434230556	hsa-miR-539-5p
24.6610290566667	20.8041048046667	0.787209201035397	0.732981309333667	3.856924252	hsa-miR-425-3p
41.4187190558333	45.2743707716667	0.890219126528411	0.301740253155481	-3.85565171583331	hsa-miR-410-3p
10.2702991719167	6.42270995511111	0.777558414602172	0.789674714611339	3.84758921680556	hsa-miR-135a-3p
7.3991272625	11.2031004328056	0.777558414602172	1.29663614763273	-3.80397317030555	hsa-miR-505-3p
26.5295602025	22.7265008729167	0.777558414602172	0.767436453093917	3.80305932958333	hsa-miR-411-3p
48.0449895708333	44.2638424969444	0.878232494388695	0.377101885996568	3.78114707388888	hsa-miR-34c-3p
24.7485732280833	28.5171925226111	0.825597202206224	0.606013478228627	-3.76861929452777	hsa-miR-27a-5p
7.46497965833333	3.77993424416667	0.777558414602172	1.62625591570639	3.68504541416667	hsa-miR-6721-5p
7.62711946666667	11.2070206176111	0.777558414602172	1.10171179598741	-3.57990115094444	hsa-miR-1294
6.65363230916667	10.2334573638333	0.777558414602172	1.10523335298201	-3.57982505466667	hsa-miR-145-5p
18.50051256	22.0670804167778	0.832690104561401	0.555548863978861	-3.56656785677777	hsa-miR-383-5p
4.78256700583333	1.21736452305556	0.777558414602172	2.77139675725451	3.56520248277778	hsa-miR-2115-5p
5.19771229	1.6412465	0.777558414602172	2.32075859829239	3.55646579	hsa-miR-485-3p
58.86092878	55.3556247715	0.878572359143718	0.36576888764807	3.50530400850001	hsa-miR-197-3p
12.2541449639167	15.7352914206667	0.777558414602172	0.929227876951471	-3.48114645674999	hsa-miR-758-3p
13.37847267	16.8459031281667	0.808944422200208	0.652434120824667	-3.46743045816667	hsa-miR-34c-5p
7.09159504166667	3.64191381594444	0.777558414602172	1.10670837036822	3.44968122572222	hsa-miR-1248
31.9737458333333	28.5427939773333	0.850913450091937	0.483349693931131	3.430951856	hsa-miR-22-5p
0	3.3929110275	0.777558414602172	1.51041916901303	-3.3929110275	hsa-miR-3150a-5p
0	3.3929110275	0.777558414602172	1.51041916901303	-3.3929110275	hsa-miR-3150b-3p
3.18862601608333	6.57751861972222	0.777558414602172	1.45821613114111	-3.38889260363889	hsa-miR-130b-3p
1.13846462083333	4.51544235666667	0.777558414602172	1.63889497631779	-3.37697773583333	hsa-miR-27b-5p
22.54689755	25.8344859263889	0.850913450091937	0.482156359947719	-3.28758837638888	hsa-miR-145-3p
34.6326674060833	31.4037473083333	0.876066806299701	0.404608045115945	3.22892009775001	hsa-let-7b-3p
6.60882683975	3.44559728344444	0.777558414602172	1.61490957130778	3.16322955630556	hsa-let-7f-1-3p
3.68780253	6.84756577638889	0.777558414602172	0.906107025081281	-3.15976324638889	hsa-miR-382-3p
34.12147712775	30.964994984	0.878232494388695	0.368234149961168	3.15648214375001	hsa-miR-144-3p
22.3592261444167	19.2164027438889	0.832690104561401	0.545983160974921	3.14282340052779	hsa-miR-1284
8.59590142	5.46762366222222	0.777558414602172	1.47325364404804	3.12827775777778	hsa-miR-421
8.4930377575	5.36982782947222	0.777558414602172	1.18908633243104	3.12320992802778	hsa-miR-628-3p
0	3.11628351333333	0.777558414602172	1.88566438324505	-3.11628351333333	hsa-miR-331-3p
2.73314964808333	5.82592632555556	0.777558414602172	1.80843938301296	-3.09277667747222	hsa-miR-203a-3p
2.73314964808333	5.82592632555556	0.777558414602172	1.80843938301296	-3.09277667747222	hsa-miR-203b-5p
17.0549557283333	13.9989921808611	0.799989580379408	0.681393987066874	3.05596354747223	hsa-miR-148a-5p
35.03334099275	32.0002801072222	0.87591432827484	0.407561836665345	3.03306088552779	hsa-miR-17-5p
0	3.02355721916667	0.777558414602172	2.29567891432801	-3.02355721916667	hsa-miR-758-5p
5.86996908225	8.875149725	0.777558414602172	1.10100693748903	-3.00518064275	hsa-miR-28-5p
36.3497746205833	39.3328426733333	0.877778205607848	0.393124332720481	-2.98306805274999	hsa-miR-150-3p
16.7348152019167	19.6591300302778	0.828411870159506	0.594771085336712	-2.9243148283611	hsa-miR-654-5p
5.02854151833333	2.14622900166667	0.777558414602172	1.77857274790874	2.88231251666667	hsa-miR-4707-3p
7.92788624083333	10.7895142716944	0.777558414602172	0.804953500938424	-2.86162803086111	hsa-miR-487b-3p
3.64147494333333	0.786646326944444	0.777558414602172	2.23459612864484	2.85482861638889	hsa-miR-4773
5.51194862558333	2.66764710944444	0.777558414602172	1.99639204815618	2.84430151613889	hsa-miR-452-5p
5.71763907225	8.53704184411111	0.777558414602172	0.794039077212649	-2.81940277186111	hsa-miR-29b-3p
4.68983809775	1.8730942165	0.777558414602172	2.56161056403381	2.81674388125	hsa-miR-3120-5p
10.64972947475	7.8363652415	0.777558414602172	0.773134374808345	2.81336423325	hsa-miR-96-5p
0.22811020275	3.03212658011111	0.777558414602172	1.68663262663959	-2.80401637736111	hsa-miR-188-5p
2.30221657416667	5.09558564388889	0.777558414602172	1.62572131276171	-2.79336906972222	hsa-miR-196b-5p
3.64278866416667	0.859545877083333	0.701327911403816	3.39352866923601	2.78324278708333	hsa-miR-4657
84.54610721	87.3212474933333	0.94226374245206	0.160063573694757	-2.77514028333329	hsa-miR-500a-3p
7.1579878	9.93273809522222	0.777558414602172	0.941715037480193	-2.77475029522222	hsa-miR-2113
3.993871805	6.70102350388889	0.777558414602172	1.01432152701585	-2.70715169888889	hsa-miR-503-5p
2.68085912891667	0	0.681852870328927	5.6200137994636	2.68085912891667	hsa-miR-377-5p
1.25251972225	3.90190070291667	0.777558414602172	1.72548492355505	-2.64938098066667	hsa-miR-1255b-5p
2.61715895058333	0	0.681852870328927	3.85741588868379	2.61715895058333	hsa-miR-4690-3p
0	2.61675195083333	0.777558414602172	2.37734167918528	-2.61675195083333	hsa-miR-1468-5p
226.7957059	229.396898827778	0.973030068385071	0.0735112888739952	-2.60119292777762	hsa-miR-29a-3p
0.456220405583333	3.03643344611111	0.777558414602172	1.90836551943855	-2.58021304052778	hsa-miR-122-3p
0.456220405583333	3.03643344611111	0.777558414602172	1.90836551943855	-2.58021304052778	hsa-miR-3591-5p
0	2.57375016083333	0.777558414602172	2.80916326978492	-2.57375016083333	hsa-miR-30c-1-3p
10.9004386058333	8.37674119402778	0.777558414602172	0.792494785156357	2.52369741180556	hsa-miR-29c-5p
0.456220405583333	2.95421199027778	0.777558414602172	2.08503627677281	-2.49799158469444	hsa-miR-135b-5p
20.1025379705833	22.5848230383333	0.853778505680649	0.465406092637929	-2.48228506774999	hsa-miR-1307-5p
3.35274144	0.892852820833333	0.777558414602172	2.82875682207122	2.45988861916667	hsa-miR-19a-3p
4.03559993916667	1.57768561583333	0.777558414602172	2.06335065745743	2.45791432333333	hsa-miR-3679-5p
5.51978836666667	7.97270325066667	0.777558414602172	0.816959302935942	-2.452914884	hsa-miR-499a-5p
5.51978836666667	7.97270325066667	0.777558414602172	0.816959302935942	-2.452914884	hsa-miR-499b-3p
21.2937899741667	18.8502880652778	0.848416521850225	0.494477464475109	2.44350190888889	hsa-miR-140-5p
3.79664389416667	1.35499599622222	0.777558414602172	2.76392196487545	2.44164789794445	hsa-miR-766-3p
0.94123671	3.37193368638889	0.777558414602172	1.8539745129297	-2.43069697638889	hsa-miR-6855-5p
4.95573061308333	2.53761638680556	0.777558414602172	1.65582442208876	2.41811422627778	hsa-miR-106a-5p
5.46893362833333	3.05167609836111	0.777558414602172	1.39603797220818	2.41725752997222	hsa-miR-3195
0	2.40308002194444	0.777558414602172	2.43864393947537	-2.40308002194444	hsa-miR-6862-5p
4.90628224166667	2.51193969444444	0.777558414602172	1.30876090011075	2.39434254722222	hsa-miR-3180
4.90628224166667	2.51193969444444	0.777558414602172	1.30876090011075	2.39434254722222	hsa-miR-3180-3p
0	2.39201644694444	0.777558414602172	1.65810600159953	-2.39201644694444	hsa-miR-1278
2.36386501416667	0	0.681852870328927	3.59824765751247	2.36386501416667	hsa-miR-1273d
2.36386501416667	0	0.681852870328927	3.59824765751247	2.36386501416667	hsa-miR-3939
2.36386501416667	0	0.681852870328927	3.59824765751247	2.36386501416667	hsa-miR-542-5p
6.07370359166667	3.71549864083333	0.777558414602172	1.16130857946113	2.35820495083333	hsa-miR-210-3p
2.30829547	0	0.681852870328927	6.33817025620072	2.30829547	hsa-miR-3617-5p
0	2.30400451666667	0.777558414602172	2.01317573781026	-2.30400451666667	hsa-miR-548f-3p
2.30221657416667	0	0.681852870328927	3.59724182765499	2.30221657416667	hsa-miR-3183
2.30221657416667	0	0.681852870328927	3.59724182765499	2.30221657416667	hsa-miR-3944-5p
0	2.3018034475	0.777558414602172	1.6640603148971	-2.3018034475	hsa-miR-6503-3p
6.40607656666667	4.17174262177778	0.777558414602172	0.946921079173252	2.23433394488889	hsa-miR-7976
10.0773887658333	7.84760703152778	0.789168954492603	0.715211974146946	2.22978173430556	hsa-let-7a-3p
10.1802722575	12.3824030294444	0.832690104561401	0.550241388989211	-2.20213077194444	hsa-miR-6815-5p
1.36560702558333	3.54870582788889	0.777558414602172	0.87226450660016	-2.18309880230555	hsa-miR-1197
1.05529181141667	3.20745001344444	0.777558414602172	1.2934991054126	-2.15215820202778	hsa-miR-500a-5p
4.446459705	2.32277978225	0.777558414602172	1.2325413710188	2.12367992275	hsa-miR-200b-5p
0.114055101416667	2.22577061972222	0.777558414602172	1.38645095323693	-2.11171551830556	hsa-miR-889-5p
4.13566062833333	6.22758686361111	0.782199963499166	0.748813866020317	-2.09192623527777	hsa-miR-548j-5p
0	2.08517701169444	0.777558414602172	1.21783843488447	-2.08517701169445	hsa-miR-4532
2.07970133083333	0	0.681852870328927	6.32993625994057	2.07970133083333	hsa-miR-4470
23.16468837	25.2212174865	0.889189098297006	0.331388646439715	-2.05652911649999	hsa-miR-181a-3p
4.80725601941667	2.75149764541667	0.777558414602172	1.2834028940161	2.055758374	hsa-miR-324-3p
2.04884767441667	0	0.681852870328927	4.27902075551799	2.04884767441667	hsa-miR-1247-5p
0	2.04589795194444	0.777558414602172	1.64829989394691	-2.04589795194444	hsa-miR-301a-5p
0	2.03286238225	0.777558414602172	2.17390497099105	-2.03286238225	hsa-miR-664b-5p
2.75529792083333	0.734656079111111	0.777558414602172	2.88811712753414	2.02064184172222	hsa-miR-4667-5p
6.48899698	4.48322424166667	0.810254705243317	0.644716459084876	2.00577273833334	hsa-miR-4669
0	1.99398090055556	0.777558414602172	1.0612636686457	-1.99398090055556	hsa-miR-6747-3p
0	1.99300172805556	0.777558414602172	2.02386749635028	-1.99300172805556	hsa-miR-433-5p
7.12334722333333	5.14700305983333	0.788222377598614	0.724335773593197	1.9763441635	hsa-miR-1306-3p
2.36386501416667	0.398493376111111	0.777558414602172	2.34479304265037	1.96537163805556	hsa-miR-31-5p
0	1.94917837527778	0.777558414602172	1.66320071988644	-1.94917837527778	hsa-miR-4473
0	1.94170867816667	0.777558414602172	1.91415531711631	-1.94170867816667	hsa-miR-324-5p
0.114055101416667	2.05509066666667	0.777558414602172	1.47691198264908	-1.94103556525	hsa-miR-4731-5p
1.93479257308333	0	0.681852870328927	3.93662983165489	1.93479257308333	hsa-miR-328-5p
0.94123671	2.86768371844444	0.777558414602172	1.14330991094155	-1.92644700844444	hsa-miR-3913-3p
0.94123671	2.86768371844444	0.777558414602172	1.14330991094155	-1.92644700844444	hsa-miR-3913-5p
0.933246728333333	2.84878862583333	0.788222377598614	0.72039124194055	-1.9155418975	hsa-miR-6780a-5p
2.30221657416667	0.388152950833333	0.777558414602172	2.34412169483938	1.91406362333333	hsa-miR-619-5p
2.36386501416667	0.46492339	0.777558414602172	2.12714680157842	1.89894162416667	hsa-miR-1910-3p
19.5524851966667	17.6622703897222	0.878232494388695	0.377658191134606	1.89021480694445	hsa-miR-767-5p
0	1.88116535166667	0.777558414602172	1.98319168134934	-1.88116535166667	hsa-miR-3690
17.53956611	15.6669701166667	0.877778205607848	0.392064227985706	1.87259599333334	hsa-miR-873-5p
1.86649345583333	0	0.681852870328927	3.58709387251434	1.86649345583333	hsa-miR-3127-5p
1.82736515833333	0	0.681852870328927	3.58581725200029	1.82736515833333	hsa-miR-208b-3p
1.8220511925	0	0.681852870328927	3.58563759452029	1.8220511925	hsa-miR-4654
1.8220511925	0	0.681852870328927	3.58563759452029	1.8220511925	hsa-miR-4757-5p
1.8220511925	0	0.681852870328927	3.58563759452029	1.8220511925	hsa-miR-6132
1.8220511925	0	0.681852870328927	3.58563759452029	1.8220511925	hsa-miR-641
1.8220511925	0	0.681852870328927	3.58563759452029	1.8220511925	hsa-miR-675-3p
1.8220511925	0	0.681852870328927	3.58563759452029	1.8220511925	hsa-miR-6855-3p
1.8220511925	0	0.681852870328927	3.58563759452029	1.8220511925	hsa-miR-6891-5p
1.82073747166667	0	0.681852870328927	3.58559294030768	1.82073747166667	hsa-miR-4741
1.82073747166667	0	0.681852870328927	3.58559294030768	1.82073747166667	hsa-miR-4749-5p
0	1.80742293472222	0.777558414602172	1.60374383349295	-1.80742293472222	hsa-miR-202-3p
3.55984739416667	1.79626093844444	0.777558414602172	1.40167193838424	1.76358645572222	hsa-miR-939-5p
1.82073747166667	3.57227023111111	0.777558414602172	1.06027391244354	-1.75153275944444	hsa-miR-3177-3p
1.25155192416667	2.98772846836111	0.777558414602172	1.22610727249521	-1.73617654419444	hsa-miR-5010-5p
26.6270885675	24.8985365255556	0.916879800723084	0.231722253792881	1.72855204194445	hsa-miR-4446-3p
2.36386501416667	0.643166523638889	0.777558414602172	1.87172048874423	1.72069849052778	hsa-miR-6741-3p
4.89209688666667	3.18333675527778	0.777558414602172	0.931730552692306	1.70876013138889	hsa-miR-409-5p
4.89411682775	3.18638770972222	0.777558414602172	0.770763899259155	1.70772911802778	hsa-let-7i-3p
2.06933942583333	0.372786023888889	0.777558414602172	2.25127357291278	1.69655340194444	hsa-miR-296-3p
11.2008356689167	12.8739538419444	0.890219126528411	0.304723403287604	-1.67311817302778	hsa-miR-374b-5p
11.2008356689167	12.8739538419444	0.890219126528411	0.304723403287604	-1.67311817302778	hsa-miR-374c-3p
4.81224866891667	6.48234038911111	0.832690104561401	0.550184830227805	-1.67009172019444	hsa-miR-651-5p
2.2892758275	0.626438878638889	0.777558414602172	2.62762920959821	1.66283694886111	hsa-miR-7-1-3p
4.12426776666667	2.47216499638889	0.777558414602172	0.984266004210013	1.65210277027778	hsa-miR-1303
0	1.6286517075	0.777558414602172	1.16477953010191	-1.6286517075	hsa-miR-624-5p
6.60096166891667	4.97508713641667	0.851943017279825	0.470758540951174	1.6258745325	hsa-miR-1273h-5p
3.64147494333333	2.02858743416667	0.777558414602172	0.854747280319169	1.61288750916667	hsa-miR-3173-5p
0	1.60573068111111	0.777558414602172	1.55721964737831	-1.60573068111111	hsa-miR-598-3p
0.22811020275	1.79126687361111	0.777558414602172	1.68235741354553	-1.56315667086111	hsa-miR-1251-5p
1.87448343833333	3.42655679419444	0.832690104561401	0.568789618027527	-1.55207335586111	hsa-miR-1255a
0.22811020275	1.77111466777778	0.777558414602172	1.57239223651745	-1.54300446502778	hsa-miR-369-5p
0	1.54152255472222	0.777558414602172	1.21623270160861	-1.54152255472222	hsa-miR-491-5p
0	1.51980230055556	0.777558414602172	1.63748331786354	-1.51980230055556	hsa-miR-449a
0	1.5168514475	0.777558414602172	1.11452092448744	-1.5168514475	hsa-miR-4727-3p
11.4086315158333	12.9125093365	0.88444967058898	0.344760193153021	-1.50387782066666	hsa-miR-23b-5p
0	1.49551942388889	0.777558414602172	0.817222036115243	-1.49551942388889	hsa-miR-514a-3p
0	1.49510728011111	0.777558414602172	1.47065519940666	-1.49510728011111	hsa-miR-18a-5p
1.2736257575	2.76761805605556	0.777558414602172	1.15262730743454	-1.49399229855556	hsa-miR-412-5p
3.64147494333333	2.15769464291667	0.777558414602172	0.783430696611056	1.48378030041667	hsa-miR-3187-3p
1.47966212691667	0	0.681852870328927	4.53280407505223	1.47966212691667	hsa-miR-29b-2-5p
3.01294805916667	4.48379885872222	0.777558414602172	0.923079376952179	-1.47085079955556	hsa-miR-6741-5p
0	1.46414829225	0.777558414602172	1.50924393532025	-1.46414829225	hsa-miR-3928-3p
0	1.42728151027778	0.777558414602172	1.06086639193753	-1.42728151027778	hsa-miR-4724-5p
0	1.41615736138889	0.777558414602172	1.53991304703981	-1.41615736138889	hsa-miR-6763-5p
0	1.41157226527778	0.777558414602172	1.17938166738634	-1.41157226527778	hsa-miR-455-3p
0	1.39459725833333	0.777558414602172	1.63298743147752	-1.39459725833333	hsa-miR-1323
0.570275506916667	1.94878930055556	0.777558414602172	1.2770687533246	-1.37851379363889	hsa-miR-34a-5p
0	1.37221645888889	0.777558414602172	0.81704895827138	-1.37221645888889	hsa-miR-450a-2-3p
0	1.37221645888889	0.777558414602172	0.81704895827138	-1.37221645888889	hsa-miR-6730-5p
2.30221657416667	0.931317035416667	0.777558414602172	1.31750524035894	1.37089953875	hsa-miR-6735-5p
6.27110487833333	4.90088951222222	0.851943017279825	0.473133604395364	1.37021536611111	hsa-miR-450b-5p
3.02093804	1.65783322902778	0.777558414602172	1.0388967277687	1.36310481097222	hsa-miR-3124-5p
0.114055101416667	1.46570149705556	0.777558414602172	1.76174900764201	-1.35164639563889	hsa-miR-363-5p
0	1.34999660205556	0.777558414602172	2.01217573272243	-1.34999660205556	hsa-miR-1290
0.684330608333333	2.02928823622222	0.777558414602172	1.25177591497199	-1.34495762788889	hsa-miR-138-1-3p
8.61369308916667	7.27250828205556	0.87591432827484	0.417867350025824	1.34118480711111	hsa-miR-551b-5p
0.114055101416667	1.4545987025	0.777558414602172	1.4594784986667	-1.34054360108333	hsa-miR-431-5p
1.8220511925	0.491485505	0.777558414602172	1.62273660966304	1.3305656875	hsa-miR-660-3p
0	1.3226182575	0.777558414602172	1.63911303989442	-1.3226182575	hsa-miR-3179
0	1.31874087805556	0.777558414602172	1.15146034795369	-1.31874087805556	hsa-miR-1271-5p
2.53032677691667	1.21313583472222	0.782713380508711	0.745656199451115	1.31719094219444	hsa-miR-1224-3p
1.8220511925	0.507305709444445	0.777558414602172	1.57033115404104	1.31474548305556	hsa-miR-548am-3p
2.54725151583333	1.23500518611111	0.777558414602172	0.904468065062916	1.31224632972222	hsa-miR-494-3p
0	1.30263280361111	0.777558414602172	1.13962083144793	-1.30263280361111	hsa-miR-500b-5p
0	1.30263280361111	0.777558414602172	1.13962083144793	-1.30263280361111	hsa-miR-5581-3p
5.30717465083333	6.608952749	0.851943017279825	0.472718945501476	-1.30177809816666	hsa-miR-15a-5p
0	1.3001766175	0.777558414602172	1.24108671219751	-1.3001766175	hsa-miR-4742-5p
0	1.28443242222222	0.777558414602172	0.816894291319272	-1.28443242222222	hsa-miR-6833-5p
5.11784921416667	3.84004685875	0.828411870159506	0.595484014062647	1.27780235541667	hsa-miR-6877-5p
0	1.27209903916667	0.777558414602172	1.66985686715951	-1.27209903916667	hsa-miR-4742-3p
5.37678748891667	6.64648036736111	0.847487916948236	0.503712860548648	-1.26969287844444	hsa-miR-766-5p
1.86649345583333	0.598775145555556	0.777558414602172	1.33596634358929	1.26771831027778	hsa-miR-548l
0	1.2667213275	0.777558414602172	1.2472367787122	-1.2667213275	hsa-miR-1254
0	1.2625850225	0.777558414602172	1.09309761847936	-1.2625850225	hsa-miR-4745-5p
1.25155192416667	0	0.681852870328927	3.55141990784234	1.25155192416667	hsa-miR-345-3p
1.25155192416667	0	0.681852870328927	3.55141990784234	1.25155192416667	hsa-miR-4529-5p
1.25155192416667	0	0.681852870328927	3.55141990784234	1.25155192416667	hsa-miR-5703
1.25155192416667	0	0.681852870328927	3.55141990784234	1.25155192416667	hsa-miR-7849-3p
0	1.23649553805556	0.777558414602172	1.09678183151927	-1.23649553805556	hsa-miR-4435
3.09567695	1.86589505222222	0.777558414602172	0.771045857419428	1.22978189777778	hsa-miR-664b-3p
3.34563722558333	4.56607872888889	0.878232494388695	0.371894711725476	-1.22044150330556	hsa-miR-542-3p
7.99733484333333	6.77822790138889	0.87591432827484	0.409747244367218	1.21910694194444	hsa-miR-191-3p
1.88247341916667	3.0994974915	0.795593544346717	0.700182859071529	-1.21702407233333	hsa-miR-451b
2.30221657416667	3.51686090444444	0.847487916948236	0.506129530470685	-1.21464433027778	hsa-miR-3909
0	1.21000931233333	0.777558414602172	1.52288845201126	-1.21000931233333	hsa-miR-6843-3p
0	1.20516194972222	0.777558414602172	0.816724700541606	-1.20516194972222	hsa-miR-2116-3p
0	1.20516194972222	0.777558414602172	0.816724700541606	-1.20516194972222	hsa-miR-3944-3p
0	1.20516194972222	0.777558414602172	0.816724700541606	-1.20516194972222	hsa-miR-668-3p
1.8220511925	0.619169517611111	0.777558414602172	1.48214208826065	1.20288167488889	hsa-miR-6866-5p
3.1874344575	4.38318370336111	0.890219126528411	0.324000122028777	-1.19574924586111	hsa-miR-30d-3p
4.811428805	3.61745379972222	0.850913450091937	0.480212065187599	1.19397500527778	hsa-miR-190b
0	1.18820087222222	0.777558414602172	1.14771488176692	-1.18820087222222	hsa-miR-152-5p
0	1.18277393416667	0.777558414602172	1.63311578999371	-1.18277393416667	hsa-miR-516b-5p
0	1.17827502472222	0.777558414602172	1.18603819443638	-1.17827502472222	hsa-miR-4525
0	1.17373691277778	0.777558414602172	1.17146080660078	-1.17373691277778	hsa-miR-4665-5p
36.5601051391667	35.3899945819444	0.948595001513078	0.143330189697699	1.17011055722222	hsa-miR-7706
9.42992585691667	8.26256778555556	0.878232494388695	0.380512513337093	1.16735807136111	hsa-miR-1285-3p
0	1.16336549111111	0.777558414602172	1.26330004156121	-1.16336549111111	hsa-miR-5009-5p
3.87198882641667	5.02797155861111	0.87591432827484	0.410316053472594	-1.15598273219444	hsa-miR-29c-3p
1.36866121666667	0.212740790666667	0.777558414602172	2.43064648842505	1.155920426	hsa-miR-216b-5p
1.13846462083333	0	0.681852870328927	3.53813251895603	1.13846462083333	hsa-miR-3659
1.13846462083333	0	0.681852870328927	3.53813251895603	1.13846462083333	hsa-miR-3918
1.13846462083333	0	0.681852870328927	3.53813251895603	1.13846462083333	hsa-miR-6727-5p
1.25155192416667	2.38449379708333	0.777558414602172	0.901940472796261	-1.13294187291667	hsa-miR-6734-5p
0	1.13164934972222	0.777558414602172	1.25689260423762	-1.13164934972222	hsa-miR-6509-5p
0	1.11905168919444	0.777558414602172	1.617564469979	-1.11905168919444	hsa-miR-4800-5p
27.9255070275	26.8069511543889	0.94226374245206	0.162137499812763	1.11855587311112	hsa-miR-505-5p
1.0346697125	2.14681620613889	0.777558414602172	0.93196589667465	-1.11214649363889	hsa-miR-4454
28.0377761516667	29.1483742854167	0.960182137475822	0.113234871333605	-1.11059813374998	hsa-miR-138-2-3p
0	1.109560169	0.777558414602172	1.56481101491831	-1.109560169	hsa-miR-548ah-3p
0	1.109560169	0.777558414602172	1.56481101491831	-1.109560169	hsa-miR-548p
0	1.10657472194444	0.777558414602172	1.20186542712469	-1.10657472194444	hsa-miR-3911
0	1.08806495872222	0.777558414602172	1.57828786707349	-1.08806495872222	hsa-miR-4440
2.07171134916667	0.984188584166667	0.777558414602172	1.0785534177529	1.087522765	hsa-miR-6859-5p
1.93479257308333	3.01627515086111	0.84142807624494	0.521401145580379	-1.08148257777778	hsa-miR-764
0	1.07807879083333	0.777558414602172	1.21238592231214	-1.07807879083333	hsa-miR-4661-5p
0.79838570975	1.86877423805556	0.777558414602172	0.961939858359733	-1.07038852830556	hsa-miR-3064-5p
2.62118093916667	1.55695014538889	0.777558414602172	0.765285628175895	1.06423079377778	hsa-miR-195-5p
4.03725586666667	5.09946453761111	0.890219126528411	0.319792650219341	-1.06220867094444	hsa-miR-877-5p
6.05554872225	7.11691754983333	0.883794184419962	0.349389320926727	-1.06136882758333	hsa-miR-200b-3p
1.87448343833333	0.815321765388889	0.777558414602172	1.23807640082485	1.05916167294445	hsa-miR-6750-5p
14.0120961341667	15.0680959755	0.915156536834429	0.239776478574984	-1.05599984133333	hsa-miR-485-5p
0	1.04609886058333	0.777558414602172	1.63674711980737	-1.04609886058333	hsa-miR-186-3p
1.0346697125	0	0.681852870328927	3.52207435379832	1.0346697125	hsa-miR-3202
1.0346697125	0	0.681852870328927	3.52207435379832	1.0346697125	hsa-miR-376c-3p
1.0346697125	0	0.681852870328927	3.52207435379832	1.0346697125	hsa-miR-876-5p
0	1.01595254752778	0.777558414602172	1.64196252498864	-1.01595254752778	hsa-miR-2355-3p
0	1.00543690138889	0.777558414602172	1.22866679182341	-1.00543690138889	hsa-miR-522-3p
4.098980435	5.09782788444444	0.878232494388695	0.373014900588622	-0.998847449444443	hsa-miR-548o-3p
0.114055101416667	1.11157400277778	0.777558414602172	1.05069616063843	-0.997518901361111	hsa-miR-887-5p
148.91703819	149.901736890278	0.984671703815735	0.0406637863969483	-0.984698700277761	hsa-miR-186-5p
2.36386501416667	1.39858420111111	0.798517519345178	0.691672094194534	0.965280813055555	hsa-miR-21-3p
2.7539842	3.71903038666667	0.84142807624494	0.520906232708067	-0.965046186666666	hsa-miR-10a-3p
0	0.964830016111111	0.777558414602172	0.815931761763771	-0.964830016111111	hsa-miR-6876-5p
0	0.958312838166667	0.777558414602172	1.06481089778751	-0.958312838166667	hsa-miR-3157-3p
2.28622163666667	1.32845999277778	0.777558414602172	0.852721914288724	0.95776164388889	hsa-miR-4685-3p
0	0.953661583611111	0.777558414602172	0.815879810216015	-0.953661583611111	hsa-miR-4638-3p
66.7639517480833	65.8113130608333	0.972703166090777	0.0826401571617146	0.952638687250001	hsa-miR-181a-2-3p
1.25155192416667	0.308923438888889	0.777558414602172	1.75833522441857	0.942628485277778	hsa-miR-6756-5p
1.25155192416667	0.308923438888889	0.777558414602172	1.75833522441857	0.942628485277778	hsa-miR-7704
0.114055101416667	1.05649238788889	0.777558414602172	1.35008414114457	-0.942437286472222	hsa-miR-378i
0.94123671	0	0.681852870328927	3.50308296063155	0.94123671	hsa-miR-1185-1-3p
0.94123671	0	0.681852870328927	3.50308296063155	0.94123671	hsa-miR-1908-3p
0.94123671	0	0.681852870328927	3.50308296063155	0.94123671	hsa-miR-372-3p
0.94123671	0	0.681852870328927	3.50308296063155	0.94123671	hsa-miR-6770-3p
0.933246728333333	1.87088353472222	0.777558414602172	0.778359622519613	-0.937636806388889	hsa-miR-4467
1.14872481391667	0.212740790666667	0.777558414602172	2.4344934845979	0.93598402325	hsa-miR-610
0.933246728333333	0	0.681852870328927	3.50120315340936	0.933246728333333	hsa-miR-4678
0.933246728333333	0	0.681852870328927	3.50120315340936	0.933246728333333	hsa-miR-4745-3p
0.933246728333333	0	0.681852870328927	3.50120315340936	0.933246728333333	hsa-miR-548ap-3p
0.933246728333333	0	0.681852870328927	3.50120315340936	0.933246728333333	hsa-miR-551a
0.933246728333333	0	0.681852870328927	3.50120315340936	0.933246728333333	hsa-miR-5697
0.933246728333333	0	0.681852870328927	3.50120315340936	0.933246728333333	hsa-miR-6785-5p
1.2736257575	0.349740352777778	0.777558414602172	1.58565005702994	0.923885404722223	hsa-miR-3143
0.114055101416667	1.0341867725	0.777558414602172	1.05583663086237	-0.920131671083333	hsa-miR-424-5p
2.18576645058333	1.26960540222222	0.777558414602172	0.893383920362762	0.916161048361112	hsa-miR-15b-3p
0.114055101416667	0.992094643611111	0.777558414602172	1.05643796978357	-0.878039542194444	hsa-miR-3675-5p
0.114055101416667	0.990632901666667	0.777558414602172	1.0464415680042	-0.87657780025	hsa-miR-133b
0.114055101416667	0.984188584166667	0.777558414602172	0.997066619641065	-0.87013348275	hsa-miR-497-5p
3.32557342775	2.45814073944444	0.854472660053746	0.462250517035374	0.867432688305557	hsa-miR-93-3p
0	0.865398834444445	0.777558414602172	1.26363405739107	-0.865398834444444	hsa-miR-6865-5p
5.23744505583333	4.37540125372222	0.895728911901248	0.285468471678661	0.862043802111113	hsa-miR-664a-3p
2.28622163666667	1.42818472722222	0.798517519345178	0.686212477335763	0.858036909444445	hsa-miR-92a-1-5p
0	0.855907314305556	0.777558414602172	1.59541348233161	-0.855907314305556	hsa-miR-501-5p
1.2736257575	0.419230259722222	0.777558414602172	1.28838247283821	0.854395497777778	hsa-miR-552-3p
1.2736257575	0.419230259722222	0.777558414602172	1.28838247283821	0.854395497777778	hsa-miR-7850-5p
0	0.849881243055556	0.777558414602172	1.26290355153181	-0.849881243055555	hsa-miR-3685
0	0.849616815833333	0.777558414602172	1.25548234209933	-0.849616815833333	hsa-miR-4695-5p
1.82073747166667	0.980023115388889	0.777558414602172	0.842846735083155	0.840714356277778	hsa-miR-6767-5p
0	0.821834447611111	0.777558414602172	1.10861257378858	-0.821834447611111	hsa-miR-5100
0	0.819705704166667	0.777558414602172	1.26678860817705	-0.819705704166667	hsa-miR-4645-3p
0	0.816160271611111	0.777558414602172	1.57235990919492	-0.816160271611111	hsa-miR-6781-5p
0.79838570975	0	0.688676850648852	3.46107334384188	0.79838570975	hsa-miR-592
0	0.798267605277778	0.777558414602172	1.2630275983016	-0.798267605277778	hsa-miR-2115-3p
0	0.7969867525	0.777558414602172	0.814906875532126	-0.7969867525	hsa-miR-3200-5p
0	0.7969867525	0.777558414602172	0.814906875532126	-0.7969867525	hsa-miR-3684
0	0.7969867525	0.777558414602172	0.814906875532126	-0.7969867525	hsa-miR-3921
0	0.7969867525	0.777558414602172	0.814906875532126	-0.7969867525	hsa-miR-508-3p
1.254606115	2.04975628472222	0.878232494388695	0.374528252469179	-0.795150169722222	hsa-let-7c-3p
0	0.783941122777778	0.777558414602172	0.814798811174	-0.783941122777778	hsa-miR-1264
1.2736257575	0.491485505	0.777558414602172	1.03520331921185	0.782140252500001	hsa-miR-629-3p
1.13846462083333	1.91245657280556	0.84142807624494	0.520564316753607	-0.773991951972222	hsa-miR-454-3p
1.38768085891667	0.615572197222222	0.777558414602172	1.12017670286392	0.772108661694445	hsa-miR-26b-3p
0	0.747759711944444	0.777558414602172	0.814469187844993	-0.747759711944444	hsa-miR-4648
0	0.747759711944444	0.777558414602172	0.814469187844993	-0.747759711944444	hsa-miR-4701-3p
0	0.747759711944444	0.777558414602172	0.814469187844993	-0.747759711944444	hsa-miR-561-5p
15.92157590025	16.6675517301389	0.957660228213724	0.124950356366252	-0.745975829888888	hsa-miR-654-3p
0	0.7455720475	0.777558414602172	0.814447718317653	-0.7455720475	hsa-miR-4683
0	0.740840265	0.777558414602172	1.25063841241271	-0.740840265	hsa-miR-6786-3p
0.114055101416667	0.852428000305556	0.777558414602172	0.958655137032446	-0.738372898888889	hsa-miR-1538
0.94123671	0.215266530111111	0.777558414602172	1.86338245723001	0.725970179888889	hsa-miR-4677-3p
1.36560702558333	0.642216211111111	0.777558414602172	0.769787298771721	0.723390814472223	hsa-miR-378g
1.8220511925	2.54316111	0.890219126528411	0.313973232405437	-0.7211099175	hsa-miR-365b-5p
0	0.718421771111111	0.777558414602172	0.814164880104178	-0.718421771111111	hsa-miR-29b-1-5p
0.933246728333333	0.215266530111111	0.777558414602172	1.84959986831625	0.717980198222222	hsa-miR-378e
6.27093150333333	5.55498275152778	0.907520961407818	0.258402020733801	0.715948751805557	hsa-miR-374a-5p
0	0.714081690833333	0.777558414602172	0.8141166791574	-0.714081690833333	hsa-miR-7856-5p
0.94123671	1.65230594611111	0.832690104561401	0.544411598172228	-0.711069236111111	hsa-miR-143-5p
0	0.709398883333333	0.777558414602172	1.25011660954274	-0.709398883333333	hsa-miR-4659a-3p
0	0.704226295666667	0.777558414602172	1.14886952564211	-0.704226295666667	hsa-miR-3912-3p
0	0.702173929277778	0.777558414602172	1.14970628959924	-0.702173929277778	hsa-miR-3688-3p
0	0.701512574555556	0.777558414602172	1.15361706755732	-0.701512574555556	hsa-miR-3199
0	0.700894000277778	0.777558414602172	1.25191749920092	-0.700894000277778	hsa-miR-636
0	0.699480705555556	0.777558414602172	0.813947944004658	-0.699480705555556	hsa-miR-5000-5p
0	0.698986835111111	0.777558414602172	1.15101030404939	-0.698986835111111	hsa-miR-6868-3p
0	0.694396029166667	0.777558414602172	1.25871215729685	-0.694396029166667	hsa-miR-548q
0.22811020275	0.915821363611111	0.832690104561401	0.580010778858697	-0.687711160861111	hsa-miR-362-5p
0	0.686108229444444	0.777558414602172	0.813783953789769	-0.686108229444444	hsa-miR-4443
0	0.686108229444444	0.777558414602172	0.813783953789769	-0.686108229444444	hsa-miR-887-3p
4.767656625	5.45291486583333	0.931462476073886	0.204737982302238	-0.685258240833331	hsa-miR-483-3p
0	0.677539825833333	0.777558414602172	0.813673786679402	-0.677539825833333	hsa-miR-509-3-5p
0	0.677539825833333	0.777558414602172	0.813673786679402	-0.677539825833333	hsa-miR-6783-3p
4.61659094166667	3.94867129530556	0.901356103523068	0.27320500633132	0.667919646361113	hsa-miR-106b-5p
1.0346697125	0.372786023888889	0.777558414602172	1.13890737209564	0.661883688611111	hsa-miR-942-3p
2.1847986525	1.52861791002778	0.832690104561401	0.562015181732388	0.656180742472223	hsa-miR-4489
2.73732243333333	3.38560181027778	0.907520961407818	0.25606674638557	-0.648279376944445	hsa-miR-136-5p
0	0.643220010833333	0.777558414602172	0.81318800453914	-0.643220010833333	hsa-miR-548k
0	0.643166523638889	0.777558414602172	1.2252940050942	-0.643166523638889	hsa-miR-6813-5p
0	0.642216211111111	0.777558414602172	0.813172626363866	-0.642216211111111	hsa-miR-1277-3p
0	0.642216211111111	0.777558414602172	0.813172626363866	-0.642216211111111	hsa-miR-541-3p
0	0.642216211111111	0.777558414602172	0.813172626363866	-0.642216211111111	hsa-miR-642a-5p
0	0.642216211111111	0.777558414602172	0.813172626363866	-0.642216211111111	hsa-miR-642b-3p
0	0.642216211111111	0.777558414602172	0.813172626363866	-0.642216211111111	hsa-miR-6509-3p
0	0.642216211111111	0.777558414602172	0.813172626363866	-0.642216211111111	hsa-miR-6772-3p
2.50407164641667	1.86293703555556	0.883794184419962	0.347721863663585	0.641134610861111	hsa-miR-30b-3p
1.28340201416667	1.91919425	0.850913450091937	0.483286084033587	-0.635792235833333	hsa-miR-378a-5p
2.07970133083333	2.71406313652778	0.872283012534949	0.42655559917269	-0.634361805694445	hsa-miR-146b-3p
0.114055101416667	0.747759711944444	0.804868980864637	0.668308247807234	-0.633704610527778	hsa-miR-217
0.456220405583333	1.08795077638889	0.832690104561401	0.580625194226142	-0.631730370805555	hsa-miR-410-5p
1.0346697125	0.406428726944444	0.777558414602172	1.00466102541509	0.628240985555556	hsa-miR-5010-3p
0.456220405583333	1.08339870944444	0.812943666857715	0.634318314656293	-0.627178303861111	hsa-miR-153-3p
1.59677141916667	0.975679183055556	0.832690104561401	0.560757228332434	0.621092236111111	hsa-miR-337-3p
0	0.617283950555556	0.777558414602172	0.812766554774102	-0.617283950555556	hsa-miR-3620-5p
0	0.617283950555556	0.777558414602172	0.812766554774102	-0.617283950555556	hsa-miR-517a-3p
0	0.617283950555556	0.777558414602172	0.812766554774102	-0.617283950555556	hsa-miR-6754-5p
0	0.617283950555556	0.777558414602172	0.812766554774102	-0.617283950555556	hsa-miR-6831-5p
2.96051581333333	2.34878610472222	0.878232494388695	0.368708663773947	0.611729708611112	hsa-miR-4492
0	0.6065679175	0.777558414602172	0.812576636936563	-0.6065679175	hsa-miR-1226-3p
0	0.6065679175	0.777558414602172	0.812576636936563	-0.6065679175	hsa-miR-4449
0	0.6065679175	0.777558414602172	0.812576636936563	-0.6065679175	hsa-miR-6511a-3p
0	0.6065679175	0.777558414602172	0.812576636936563	-0.6065679175	hsa-miR-7848-3p
0	0.602580974722222	0.777558414602172	0.812503410838329	-0.602580974722222	hsa-miR-380-5p
0	0.598775145555556	0.777558414602172	0.812432159842829	-0.598775145555556	hsa-miR-146a-3p
0	0.598775145555556	0.777558414602172	0.812432159842829	-0.598775145555556	hsa-miR-325
0	0.598775145555556	0.777558414602172	0.812432159842829	-0.598775145555556	hsa-miR-605-5p
0.22811020275	0.812262590833333	0.777558414602172	0.806397755903188	-0.584152388083333	hsa-let-7g-3p
3.68989743308333	4.27170244444444	0.934765778051819	0.191218393727529	-0.58180501136111	hsa-miR-1299
25.1279971858333	25.7046119134444	0.973030068385071	0.075597524873086	-0.576614727611101	hsa-miR-664a-5p
0	0.574209394277778	0.777558414602172	1.20467346091792	-0.574209394277778	hsa-miR-4639-5p
0.570275506916667	0	0.703440250640208	3.32630792609886	0.570275506916667	hsa-miR-539-3p
2.36386501416667	1.79811713611111	0.890219126528411	0.318342698870322	0.565747878055556	hsa-miR-1273g-3p
2.061165625	1.49623075805556	0.86770359101477	0.438102184864839	0.564934866944445	hsa-miR-154-5p
0.933246728333333	0.372786023888889	0.777558414602172	0.977158784892096	0.560460704444445	hsa-miR-548ad-5p
0.933246728333333	0.372786023888889	0.777558414602172	0.977158784892096	0.560460704444445	hsa-miR-548d-5p
0.933246728333333	0.372786023888889	0.777558414602172	0.977158784892096	0.560460704444445	hsa-miR-548t-3p
0	0.560301613083333	0.777558414602172	1.24841736835418	-0.560301613083333	hsa-miR-147b
5.33292236	4.78415682305556	0.93608412505513	0.180229816881563	0.548765536944447	hsa-miR-187-3p
1.0346697125	0.489433138611111	0.787209201035397	0.734840660567646	0.545236573888889	hsa-miR-6809-5p
0	0.534350795944444	0.777558414602172	1.22088807985652	-0.534350795944444	hsa-miR-5187-5p
0.933246728333333	0.406428726944444	0.777558414602172	0.849669489603787	0.526818001388889	hsa-miR-3191-3p
1.13846462083333	0.617283950555556	0.832690104561401	0.558028252201531	0.521180670277778	hsa-miR-4686
50.6532819608333	51.1667260116667	0.985966448193859	0.0356204809855233	-0.513444050833328	hsa-miR-335-5p
0	0.503339151944444	0.777558414602172	0.81009267564393	-0.503339151944444	hsa-miR-197-5p
0	0.503339151944444	0.777558414602172	0.81009267564393	-0.503339151944444	hsa-miR-3153
0	0.503339151944444	0.777558414602172	0.81009267564393	-0.503339151944444	hsa-miR-3176
0	0.503339151944444	0.777558414602172	0.81009267564393	-0.503339151944444	hsa-miR-4448
0	0.503339151944444	0.777558414602172	0.81009267564393	-0.503339151944444	hsa-miR-4521
0	0.503339151944444	0.777558414602172	0.81009267564393	-0.503339151944444	hsa-miR-4784
0	0.503339151944444	0.777558414602172	0.81009267564393	-0.503339151944444	hsa-miR-5695
0	0.503339151944444	0.777558414602172	0.81009267564393	-0.503339151944444	hsa-miR-6754-3p
0	0.503339151944444	0.777558414602172	0.81009267564393	-0.503339151944444	hsa-miR-6845-5p
0	0.491485505	0.777558414602172	0.809705193198618	-0.491485505	hsa-miR-3916
0	0.489433138611111	0.777558414602172	0.809635283995167	-0.489433138611111	hsa-miR-495-5p
0	0.489433138611111	0.777558414602172	0.809635283995167	-0.489433138611111	hsa-miR-552-5p
4.95340052083333	4.46546072833333	0.935153000519033	0.185241036613877	0.487939792500001	hsa-miR-6805-5p
0.933246728333333	1.42049744166667	0.876276214321206	0.398418413534822	-0.487250713333333	hsa-miR-576-5p
0	0.486246044444444	0.777558414602172	0.809524997331176	-0.486246044444445	hsa-miR-429
0	0.486246044444444	0.777558414602172	0.809524997331176	-0.486246044444445	hsa-miR-5096
5.46028600083333	4.97560585944444	0.937814940720279	0.17497653999924	0.48468014138889	hsa-miR-450a-5p
1.0346697125	1.51885999083333	0.878232494388695	0.37628388807434	-0.484190278333333	hsa-miR-1250-5p
8.12337889333333	8.60251782819445	0.953596663906712	0.133980658720756	-0.479138934861108	hsa-miR-151a-5p
0	0.476830791944444	0.777558414602172	0.809186436596567	-0.476830791944444	hsa-miR-1226-5p
0	0.476830791944444	0.777558414602172	0.809186436596567	-0.476830791944444	hsa-miR-3121-3p
0	0.476830791944444	0.777558414602172	0.809186436596567	-0.476830791944444	hsa-miR-6125
9.33478460833333	8.86270967180556	0.973030068385071	0.0783283277729241	0.472074936527781	hsa-miR-3614-5p
0	0.468919384861111	0.777558414602172	1.24128178752902	-0.468919384861111	hsa-miR-6875-5p
5.38113365666667	4.91565137847222	0.947492009289212	0.149002190640825	0.465482278194445	hsa-miR-504-5p
0	0.46492339	0.777558414602172	0.808729082676081	-0.46492339	hsa-miR-1255b-2-3p
0	0.457910681666667	0.777558414602172	0.808443245793722	-0.457910681666667	hsa-miR-193b-3p
0	0.457910681666667	0.777558414602172	0.808443245793722	-0.457910681666667	hsa-miR-548aq-3p
0	0.457910681666667	0.777558414602172	0.808443245793722	-0.457910681666667	hsa-miR-548g-5p
0.456220405583333	0	0.741094170060301	3.18673792629993	0.456220405583333	hsa-miR-329-5p
0.933246728333333	0.503339151944444	0.832690104561401	0.563273122308063	0.429907576388889	hsa-miR-371a-5p
0.933246728333333	0.503339151944444	0.832690104561401	0.563273122308063	0.429907576388889	hsa-miR-371b-3p
0	0.425481581388889	0.777558414602172	0.806937137625427	-0.425481581388889	hsa-miR-3149
0	0.419230259722222	0.777558414602172	0.806606974616603	-0.419230259722222	hsa-miR-4658
0	0.419230259722222	0.777558414602172	0.806606974616603	-0.419230259722222	hsa-miR-511-3p
0	0.419230259722222	0.777558414602172	0.806606974616603	-0.419230259722222	hsa-miR-6892-5p
0	0.406428726944444	0.777558414602172	0.80588401669597	-0.406428726944444	hsa-miR-3200-3p
0	0.406428726944444	0.777558414602172	0.80588401669597	-0.406428726944444	hsa-miR-3678-5p
0	0.406428726944444	0.777558414602172	0.80588401669597	-0.406428726944444	hsa-miR-4436a
0	0.406428726944444	0.777558414602172	0.80588401669597	-0.406428726944444	hsa-miR-4676-3p
0	0.400475444444444	0.777558414602172	0.805524623707464	-0.400475444444444	hsa-miR-1266-5p
0	0.400475444444444	0.777558414602172	0.805524623707464	-0.400475444444444	hsa-miR-31-3p
0	0.400475444444444	0.777558414602172	0.805524623707464	-0.400475444444444	hsa-miR-4659b-5p
0	0.400475444444444	0.777558414602172	0.805524623707464	-0.400475444444444	hsa-miR-5001-5p
2.36386501416667	2.7630979775	0.926282726330721	0.215190965087847	-0.399232963333332	hsa-miR-6873-3p
0	0.398493376111111	0.777558414602172	0.80540148242188	-0.398493376111111	hsa-miR-299-3p
0	0.398493376111111	0.777558414602172	0.80540148242188	-0.398493376111111	hsa-miR-3607-3p
0	0.398493376111111	0.777558414602172	0.80540148242188	-0.398493376111111	hsa-miR-3691-5p
0	0.398493376111111	0.777558414602172	0.80540148242188	-0.398493376111111	hsa-miR-369-3p
0	0.398493376111111	0.777558414602172	0.80540148242188	-0.398493376111111	hsa-miR-4786-5p
1.25155192416667	1.64720444805556	0.931462476073886	0.203530144642525	-0.395652523888888	hsa-miR-1304-5p
1.25251972225	1.64659969388889	0.901356103523068	0.272762471672563	-0.394079971638889	hsa-miR-149-3p
1.0346697125	1.42816338194444	0.935153000519033	0.187831430924721	-0.393493669444444	hsa-miR-3164
0	0.393152231666667	0.777558414602172	0.8050606021333	-0.393152231666667	hsa-miR-4781-3p
0	0.393152231666667	0.777558414602172	0.8050606021333	-0.393152231666667	hsa-miR-518f-5p
0	0.393152231666667	0.777558414602172	0.8050606021333	-0.393152231666667	hsa-miR-526a
0	0.393152231666667	0.777558414602172	0.8050606021333	-0.393152231666667	hsa-miR-6808-3p
1.0346697125	0.642216211111111	0.876276214321206	0.401325873638104	0.392453501388889	hsa-miR-6511b-5p
0	0.391970561388889	0.777558414602172	0.804983353346437	-0.391970561388889	hsa-miR-4758-5p
0	0.391970561388889	0.777558414602172	0.804983353346437	-0.391970561388889	hsa-miR-513c-5p
0	0.391970561388889	0.777558414602172	0.804983353346437	-0.391970561388889	hsa-miR-6780b-5p
0	0.391970561388889	0.777558414602172	0.804983353346437	-0.391970561388889	hsa-miR-7113-5p
0	0.391970561388889	0.777558414602172	0.804983353346437	-0.391970561388889	hsa-miR-944
1.25155192416667	0.86022077225	0.878232494388695	0.37578118558968	0.391331151916667	hsa-miR-4429
1.13846462083333	0.747759711944444	0.884918200852633	0.342106557947446	0.390704908888889	hsa-miR-4466
0	0.389513668888889	0.777558414602172	0.804820551351456	-0.389513668888889	hsa-miR-1295a
0	0.389513668888889	0.777558414602172	0.804820551351456	-0.389513668888889	hsa-miR-222-5p
0	0.389513668888889	0.777558414602172	0.804820551351456	-0.389513668888889	hsa-miR-509-3p
0	0.389513668888889	0.777558414602172	0.804820551351456	-0.389513668888889	hsa-miR-6890-5p
0	0.388152950833333	0.777558414602172	0.804729092685649	-0.388152950833333	hsa-miR-3678-3p
0	0.372786023888889	0.777558414602172	0.803627987971236	-0.372786023888889	hsa-miR-3151-5p
0	0.372786023888889	0.777558414602172	0.803627987971236	-0.372786023888889	hsa-miR-3175
0	0.372786023888889	0.777558414602172	0.803627987971236	-0.372786023888889	hsa-miR-3193
0	0.372786023888889	0.777558414602172	0.803627987971236	-0.372786023888889	hsa-miR-3934-5p
0	0.372786023888889	0.777558414602172	0.803627987971236	-0.372786023888889	hsa-miR-4795-3p
0	0.372786023888889	0.777558414602172	0.803627987971236	-0.372786023888889	hsa-miR-487a-5p
0	0.372786023888889	0.777558414602172	0.803627987971236	-0.372786023888889	hsa-miR-5193
0	0.372786023888889	0.777558414602172	0.803627987971236	-0.372786023888889	hsa-miR-548av-3p
0	0.372786023888889	0.777558414602172	0.803627987971236	-0.372786023888889	hsa-miR-597-3p
0	0.372786023888889	0.777558414602172	0.803627987971236	-0.372786023888889	hsa-miR-643
0	0.372786023888889	0.777558414602172	0.803627987971236	-0.372786023888889	hsa-miR-6818-3p
1.2736257575	1.63745592944444	0.893935050674066	0.291796704541339	-0.363830171944444	hsa-miR-4646-5p
0	0.361468603611111	0.777558414602172	0.802728813341451	-0.361468603611111	hsa-miR-1244
0	0.361468603611111	0.777558414602172	0.802728813341451	-0.361468603611111	hsa-miR-3186-3p
0	0.349740352777778	0.777558414602172	0.801706793908203	-0.349740352777778	hsa-miR-23c
0	0.349740352777778	0.777558414602172	0.801706793908203	-0.349740352777778	hsa-miR-3198
0	0.349740352777778	0.777558414602172	0.801706793908203	-0.349740352777778	hsa-miR-4672
0	0.349740352777778	0.777558414602172	0.801706793908203	-0.349740352777778	hsa-miR-548ay-3p
0	0.349740352777778	0.777558414602172	0.801706793908203	-0.349740352777778	hsa-miR-6516-3p
0	0.349740352777778	0.777558414602172	0.801706793908203	-0.349740352777778	hsa-miR-6779-5p
0	0.349740352777778	0.777558414602172	0.801706793908203	-0.349740352777778	hsa-miR-6861-5p
0.342165304166667	0	0.777558414602172	2.92976464271787	0.342165304166667	hsa-let-7f-2-3p
0.342165304166667	0	0.777558414602172	2.92976464271787	0.342165304166667	hsa-miR-98-3p
0	0.321610005277778	0.777558414602172	0.798803661114634	-0.321610005277778	hsa-miR-141-3p
0	0.321610005277778	0.777558414602172	0.798803661114634	-0.321610005277778	hsa-miR-520f-3p
0	0.321610005277778	0.777558414602172	0.798803661114634	-0.321610005277778	hsa-miR-579-5p
0	0.321610005277778	0.777558414602172	0.798803661114634	-0.321610005277778	hsa-miR-6504-5p
0	0.321610005277778	0.777558414602172	0.798803661114634	-0.321610005277778	hsa-miR-6894-5p
0	0.321610005277778	0.777558414602172	0.798803661114634	-0.321610005277778	hsa-miR-92a-2-5p
0	0.308923438888889	0.777558414602172	0.797239787555089	-0.308923438888889	hsa-miR-4763-5p
0	0.308923438888889	0.777558414602172	0.797239787555089	-0.308923438888889	hsa-miR-4797-5p
0	0.308923438888889	0.777558414602172	0.797239787555089	-0.308923438888889	hsa-miR-5588-5p
0	0.308923438888889	0.777558414602172	0.797239787555089	-0.308923438888889	hsa-miR-6758-3p
0	0.308923438888889	0.777558414602172	0.797239787555089	-0.308923438888889	hsa-miR-6837-3p
0	0.308923438888889	0.777558414602172	0.797239787555089	-0.308923438888889	hsa-miR-7155-3p
0	0.306648758333333	0.777558414602172	0.796939656546108	-0.306648758333333	hsa-miR-548t-5p
0	0.306648758333333	0.777558414602172	0.796939656546108	-0.306648758333333	hsa-miR-616-3p
0	0.306648758333333	0.777558414602172	0.796939656546108	-0.306648758333333	hsa-miR-6829-5p
0.94123671	0.642216211111111	0.890219126528411	0.303520916627228	0.299020498888889	hsa-miR-214-5p
5.47221158	5.76198289383333	0.963595220856079	0.103165293242058	-0.289771313833333	hsa-miR-135a-5p
2.195842825	1.91723488122222	0.9324610524457	0.198377589257488	0.278607943777778	hsa-miR-490-5p
0.114055101416667	0.391970561388889	0.836336736219021	0.535429149229759	-0.277915459972222	hsa-miR-4664-3p
0.22811020275	0.503339151944444	0.876276214321206	0.398824766847237	-0.275228949194444	hsa-miR-876-3p
0.94123671	1.20516194972222	0.947492009289212	0.146773444544	-0.263925239722222	hsa-miR-659-5p
0	0.25365285475	0.777558414602172	0.787657107106144	-0.25365285475	hsa-miR-1234-3p
0	0.25365285475	0.777558414602172	0.787657107106144	-0.25365285475	hsa-miR-3682-3p
0	0.25365285475	0.777558414602172	0.787657107106144	-0.25365285475	hsa-miR-4511
0	0.25365285475	0.777558414602172	0.787657107106144	-0.25365285475	hsa-miR-4659a-5p
0	0.25365285475	0.777558414602172	0.787657107106144	-0.25365285475	hsa-miR-4659b-3p
0	0.25365285475	0.777558414602172	0.787657107106144	-0.25365285475	hsa-miR-4677-5p
10.0253993716667	9.77386835947222	0.979032001841956	0.0594779530327416	0.251531012194446	hsa-miR-130b-5p
0.22811020275	0	0.777558414602172	2.41446558512871	0.22811020275	hsa-miR-29a-5p
0.22811020275	0	0.777558414602172	2.41446558512871	0.22811020275	hsa-miR-302a-5p
0.22811020275	0	0.777558414602172	2.41446558512871	0.22811020275	hsa-miR-4697-5p
1.25155192416667	1.02425672694444	0.934765778051819	0.191540615458795	0.227295197222223	hsa-miR-320e
0.79838570975	1.02312257983333	0.915156536834429	0.241701681898161	-0.224736870083333	hsa-miR-205-5p
0.570275506916667	0.349740352777778	0.87591432827484	0.410156299367352	0.220535154138889	hsa-miR-377-3p
2.36386501416667	2.58001832816667	0.963860597629202	0.101026691766608	-0.216153314	hsa-miR-5189-5p
0	0.215266530111111	0.777558414602172	0.776642490241484	-0.215266530111111	hsa-miR-3680-3p
0	0.215266530111111	0.777558414602172	0.776642490241484	-0.215266530111111	hsa-miR-4647
0	0.215266530111111	0.777558414602172	0.776642490241484	-0.215266530111111	hsa-miR-516a-5p
0	0.215266530111111	0.777558414602172	0.776642490241484	-0.215266530111111	hsa-miR-519c-5p
0	0.215266530111111	0.777558414602172	0.776642490241484	-0.215266530111111	hsa-miR-6727-3p
1.48271631833333	1.69595643733333	0.947492009289212	0.146955277695671	-0.213240119	hsa-miR-487b-5p
0	0.212740790666667	0.777558414602172	0.775721909381911	-0.212740790666667	hsa-miR-3677-3p
0	0.212740790666667	0.777558414602172	0.775721909381911	-0.212740790666667	hsa-miR-3688-5p
0	0.212740790666667	0.777558414602172	0.775721909381911	-0.212740790666667	hsa-miR-4748
0	0.212740790666667	0.777558414602172	0.775721909381911	-0.212740790666667	hsa-miR-548e-3p
0	0.212740790666667	0.777558414602172	0.775721909381911	-0.212740790666667	hsa-miR-590-3p
0	0.212740790666667	0.777558414602172	0.775721909381911	-0.212740790666667	hsa-miR-627-5p
0	0.212740790666667	0.777558414602172	0.775721909381911	-0.212740790666667	hsa-miR-6501-5p
0	0.212740790666667	0.777558414602172	0.775721909381911	-0.212740790666667	hsa-miR-6730-3p
0	0.212740790666667	0.777558414602172	0.775721909381911	-0.212740790666667	hsa-miR-7110-5p
0	0.212740790666667	0.777558414602172	0.775721909381911	-0.212740790666667	hsa-miR-7151-3p
1.82073747166667	2.01031622027778	0.966935862479597	0.094691764843573	-0.18957874861111	hsa-miR-99a-3p
8.306281745	8.48763348083333	0.984671703815735	0.0440547425366283	-0.18135173583333	hsa-miR-23a-5p
1.14872481391667	0.978866276944445	0.960182137475822	0.112262531653688	0.169858536972222	hsa-miR-6806-3p
1.0346697125	0.870889632777778	0.94226374245206	0.161060220314546	0.163780079722222	hsa-miR-618
2.82371012916667	2.66961095169444	0.974846545839124	0.0690979184697469	0.154099177472223	hsa-miR-200a-5p
0.933246728333333	0.785754230833333	0.94226374245206	0.160138163204752	0.1474924975	hsa-miR-1976
5.2219069375	5.07460963336111	0.980689072491395	0.0523773924693728	0.147297304138891	hsa-miR-128-1-5p
0.94123671	0.800950888888889	0.960182137475822	0.11177342017457	0.140285821111111	hsa-miR-3940-3p
1.13846462083333	1.00543690138889	0.960182137475822	0.112309014326569	0.133027719444445	hsa-miR-1273f
0.114055101416667	0	0.777558414602172	1.38410906189538	0.114055101416667	hsa-miR-1912
0.114055101416667	0	0.777558414602172	1.38410906189538	0.114055101416667	hsa-miR-202-5p
0.114055101416667	0	0.777558414602172	1.38410906189538	0.114055101416667	hsa-miR-26a-2-3p
0.114055101416667	0	0.777558414602172	1.38410906189538	0.114055101416667	hsa-miR-329-3p
0.114055101416667	0	0.777558414602172	1.38410906189538	0.114055101416667	hsa-miR-6084
0.114055101416667	0.212740790666667	0.890219126528411	0.3184194266848	-0.09868568925	hsa-miR-32-3p
0.933246728333333	0.839179669305556	0.960182137475822	0.111959444432251	0.0940670590277778	hsa-miR-933
2.856720905	2.94964598613889	0.984671703815735	0.0392185291840695	-0.0929250811388878	hsa-miR-454-5p
69.383166005	69.2973070158333	0.997526999496384	0.0060961929767953	0.0858589891667094	hsa-miR-4732-5p
0.22811020275	0.308923438888889	0.937814940720279	0.173998127810693	-0.0808132361388889	hsa-miR-487a-3p
0.933246728333333	0.857046062222222	0.973030068385071	0.0756337959413214	0.0762006661111113	hsa-miR-219a-1-3p
0.933246728333333	0.858386126111111	0.973030068385071	0.0750990179064732	0.0748606022222222	hsa-miR-3155b
1.82073747166667	1.88211839319444	0.984671703815735	0.0392232933438222	-0.061380921527777	hsa-miR-1260b
0.94123671	0.892930710777778	0.980689072491395	0.0518948656370794	0.0483059992222223	hsa-miR-135b-3p
0.933246728333333	0.972074625861111	0.987451244339526	0.0317492289518164	-0.0388278975277775	hsa-miR-4738-3p
33.0535702394167	33.0194244077778	0.997526999496384	0.00504593527448278	0.0341458316389165	hsa-miR-342-3p
0.342165304166667	0.308923438888889	0.975055436636001	0.0670682431478161	0.0332418652777778	hsa-miR-137
0.342165304166667	0.372786023888889	0.980689072491395	0.0521624575239757	-0.0306207197222221	hsa-miR-376a-3p
1.0346697125	1.06488334594444	0.988697191219266	0.0282317242687232	-0.0302136334444443	hsa-miR-1273c
0.94123671	0.963826216388889	0.993630809542876	0.0193542593698373	-0.0225895063888888	hsa-miR-3120-3p
2.09460365858333	2.11311728069444	0.995391172269514	0.0118662083997627	-0.0185136221111106	hsa-miR-6884-5p
1.14872481391667	1.16436929083333	0.995391172269514	0.0117236369992273	-0.0156444769166664	hsa-miR-6740-5p
0.342165304166667	0.349740352777778	0.995391172269514	0.0134793470989984	-0.00757504861111102	hsa-miR-655-3p
1.14872481391667	1.1439033525	0.997526999496384	0.00357220441715256	0.00482146141666684	hsa-miR-196a-5p
