Control Mean	Case Mean	FDR	P.Value	log2FC	name
10.588004719	5.646410668	0.565440580419788	8.43601842371726	4.941594051	hsa_circ_0006117
10.0742017356	5.5917436418	0.565440580419788	6.71796144305938	4.4824580938	hsa_circ_0005823
10.9172207078	6.4968450568	0.565440580419788	7.14896978133197	4.420375651	hsa_circ_0004771
9.8490298546	5.646410668	0.565440580419788	7.08190125722165	4.2026191866	hsa_circ_0024604
5.110360079	8.7244480874	0.565440580419788	4.76842493233452	-3.6140880084	hsa_circ_0004524
5.110360079	8.6431442314	0.565440580419788	4.6836276965852	-3.5327841524	hsa_circ_0003620
5.110360079	8.6208014954	0.565440580419788	4.65527520535018	-3.5104414164	hsa_circ_0101802
5.110360079	8.3540721654	0.565440580419788	4.28257751232217	-3.2437120864	hsa_circ_0067735
5.110360079	8.3250455714	0.565440580419788	4.25397085645388	-3.2146854924	hsa_circ_0138668
5.110360079	8.2886916214	0.565440580419788	4.18100045276786	-3.1783315424	hsa_circ_0132345
5.110360079	8.2478971454	0.565440580419788	4.05576322142904	-3.1375370664	hsa_circ_0001060
5.110360079	8.1066648654	0.565440580419788	3.94618203731691	-2.9963047864	hsa_circ_0006354
5.110360079	8.0944551694	0.565440580419788	3.88910302028295	-2.9840950904	hsa_circ_0001538
5.110360079	8.0742750274	0.565440580419788	3.83664765492896	-2.9639149484	hsa_circ_0000647
8.0550086778	5.110360079	0.565440580419788	4.05222680781872	2.9446485988	hsa_circ_0113954
8.0182529874	5.110360079	0.565440580419788	3.81307960133618	2.9078929084	hsa_circ_0003028
8.4894103374	5.5917436418	0.565440580419788	3.51993511425051	2.8976666956	hsa_circ_0001358
6.6468178712	9.5169017896	0.565440580419788	3.24133305853341	-2.8700839184	hsa_circ_0000682
5.110360079	7.9408622674	0.565440580419788	3.67108331803696	-2.8305021884	hsa_circ_0000296
5.110360079	7.9212042	0.565440580419788	3.53089993634543	-2.810844121	hsa_circ_0000816
7.8055482674	5.110360079	0.565440580419788	3.51397350976641	2.6951881884	hsa_circ_0018168
5.110360079	7.7502287822	0.565440580419788	3.23591464828221	-2.6398687032	hsa_circ_0000339
5.110360079	7.7265918902	0.565440580419788	3.20926378994983	-2.6162318112	hsa_circ_0081751
7.6769988014	5.110360079	0.565440580419788	3.32564500517233	2.5666387224	hsa_circ_0071106
7.5679171914	5.110360079	0.565440580419788	3.16055007756092	2.4575571124	hsa_circ_0002926
7.4259718882	5.110360079	0.565440580419788	2.85683742267724	2.3156118092	hsa_circ_0008312
9.1991689736	6.8859429672	0.565440580419788	2.40578265053716	2.3132260064	hsa_circ_0001801
5.110360079	7.4072342688	0.565440580419788	2.82321479816864	-2.2968741898	hsa_circ_0000260
7.367511254	5.110360079	0.565440580419788	2.71058370176183	2.257151175	hsa_circ_0004916
7.3539761886	5.110360079	0.565440580419788	2.81361263187393	2.2436161096	hsa_circ_0027464
7.297670288	5.110360079	0.565440580419788	2.62681944612715	2.187310209	hsa_circ_0132936
8.1231238794	5.9607944678	0.565440580419788	2.3881935603615	2.1623294116	hsa_circ_0005399
7.2383036536	5.110360079	0.565440580419788	2.58009679022905	2.1279435746	hsa_circ_0008368
5.110360079	7.1601754032	0.565440580419788	2.21593100081836	-2.0498153242	hsa_circ_0005968
5.110360079	7.1543618992	0.565440580419788	2.20994865943364	-2.0440018202	hsa_circ_0009353
7.1461602272	5.110360079	0.565440580419788	2.20149341931311	2.0358001482	hsa_circ_0005939
7.1242411866	5.110360079	0.565440580419788	2.50440608068621	2.0138811076	hsa_circ_0001017
7.116001488	5.110360079	0.565440580419788	2.40185753460605	2.005641409	hsa_circ_0075504
7.1053205504	5.110360079	0.565440580419788	2.46511327548706	1.9949604714	hsa_circ_0003764
5.110360079	7.0965143312	0.565440580419788	2.14993305181344	-1.9861542522	hsa_circ_0054498
7.096502726	5.110360079	0.565440580419788	2.37715634636232	1.986142647	hsa_circ_0120778
5.110360079	7.0931677192	0.565440580419788	2.14643422315927	-1.9828076402	hsa_circ_0140506
5.110360079	7.0911264992	0.565440580419788	2.14429874034673	-1.9807664202	hsa_circ_0007551
7.0807512232	5.110360079	0.565440580419788	2.13342775596729	1.9703911442	hsa_circ_0108001
7.0780192092	5.110360079	0.565440580419788	2.13056061803455	1.9676591302	hsa_circ_0014606
7.0774651952	5.110360079	0.565440580419788	2.12997896993581	1.9671051162	hsa_circ_0118219
5.110360079	7.0648877212	0.565440580419788	2.1167530824469	-1.9545276422	hsa_circ_0037000
5.110360079	7.0619010892	0.565440580419788	2.1136065754617	-1.9515410102	hsa_circ_0040719
7.0483664532	5.110360079	0.565440580419788	2.0993192191556	1.9380063742	hsa_circ_0005129
5.110360079	7.0472921232	0.565440580419788	2.09818316921732	-1.9369320442	hsa_circ_0001786
7.0416305892	5.110360079	0.565440580419788	2.09219161400135	1.9312705102	hsa_circ_0016430
7.0399270312	5.110360079	0.565440580419788	2.09038718704656	1.9295669522	hsa_circ_0131707
5.110360079	7.0268299052	0.565440580419788	2.0764905063671	-1.9164698262	hsa_circ_0004891
7.009587123	5.110360079	0.565440580419788	2.17258199873497	1.899227044	hsa_circ_0000471
7.0067689012	5.110360079	0.565440580419788	2.05512296615303	1.8964088222	hsa_circ_0078399
5.110360079	7.0057364532	0.565440580419788	2.05402062070438	-1.8953763742	hsa_circ_0001410
7.0033767532	5.110360079	0.565440580419788	2.05150019724402	1.8930166742	hsa_circ_0001897
6.9996542072	5.110360079	0.565440580419788	2.04752136305065	1.8892941282	hsa_circ_0036239
5.110360079	6.9952467812	0.565440580419788	2.04280617453331	-1.8848867022	hsa_circ_0099777
5.110360079	6.9887379592	0.565440580419788	2.03583431789524	-1.8783778802	hsa_circ_0005175
5.110360079	6.9875633012	0.565440580419788	2.03457501469385	-1.8772032222	hsa_circ_0001673
6.9875572916	5.110360079	0.565440580419788	2.16376114746458	1.8771972126	hsa_circ_0008521
6.9843441776	5.110360079	0.565440580419788	2.25098903395701	1.8739840986	hsa_circ_0027089
6.9823011352	5.110360079	0.565440580419788	2.02892961953535	1.8719410562	hsa_circ_0005087
8.0850659654	9.9553329116	0.565440580419788	1.70234955034973	-1.8702669462	hsa_circ_0001380
10.2152077256	8.3486155434	0.565440580419788	1.64375052288579	1.8665921822	hsa_circ_0001535
5.110360079	6.9715538732	0.565440580419788	2.01737924103073	-1.8611937942	hsa_circ_0069608
5.110360079	6.9695245152	0.565440580419788	2.01519517261656	-1.8591644362	hsa_circ_0124366
5.110360079	6.9632032452	0.565440580419788	2.00838579588967	-1.8528431662	hsa_circ_0129652
5.110360079	6.9632032452	0.565440580419788	2.00838579588967	-1.8528431662	hsa_circ_0009024
5.110360079	6.9597858672	0.565440580419788	2.00470064615505	-1.8494257882	hsa_circ_0103535
6.9593908632	5.110360079	0.565440580419788	2.00427451562363	1.8490307842	hsa_circ_0139943
6.9593251532	5.110360079	0.565440580419788	2.00420362411299	1.8489650742	hsa_circ_0091366
5.110360079	6.9582706572	0.565440580419788	2.0030658391114	-1.8479105782	hsa_circ_0001308
5.110360079	6.9546037212	0.565440580419788	1.99910725847097	-1.8442436422	hsa_circ_0008143
5.110360079	6.9542252972	0.565440580419788	1.99869855933614	-1.8438652182	hsa_circ_0084546
5.110360079	6.9457400032	0.565440580419788	1.98952571774649	-1.8353799242	hsa_circ_0109002
5.110360079	6.9457400032	0.565440580419788	1.98952571774649	-1.8353799242	hsa_circ_0031749
5.110360079	6.9365953472	0.565440580419788	1.97962155104402	-1.8262352682	hsa_circ_0137069
5.110360079	6.9365953472	0.565440580419788	1.97962155104402	-1.8262352682	hsa_circ_0024948
6.9350912652	5.110360079	0.565440580419788	1.97799071707597	1.8247311862	hsa_circ_0002516
5.110360079	6.9324763872	0.565440580419788	1.97515425267841	-1.8221163082	hsa_circ_0054086
6.9308361452	5.110360079	0.565440580419788	1.97337422294597	1.8204760662	hsa_circ_0121358
5.110360079	6.9274431592	0.565440580419788	1.96969013915525	-1.8170830802	hsa_circ_0001153
5.110360079	6.9271513552	0.565440580419788	1.96937317854562	-1.8167912762	hsa_circ_0007888
5.110360079	6.9264866212	0.565440580419788	1.96865106560897	-1.8161265422	hsa_circ_0000944
5.110360079	6.9251482812	0.565440580419788	1.96719689946157	-1.8147882022	hsa_circ_0058495
6.9247220572	5.110360079	0.565440580419788	1.96673370327607	1.8143619782	hsa_circ_0135939
6.9213536012	5.110360079	0.565440580419788	1.9630716169693	1.8109935222	hsa_circ_0128074
6.9195862272	5.110360079	0.565440580419788	1.96114916037682	1.8092261482	hsa_circ_0030372
6.9110056612	5.110360079	0.565440580419788	1.95180574483539	1.8006455822	hsa_circ_0056666
5.110360079	6.9089535092	0.565440580419788	1.94956871866279	-1.7985934302	hsa_circ_0119975
5.110360079	6.9089535092	0.565440580419788	1.94956871866279	-1.7985934302	hsa_circ_0000014
8.6477196672	6.8506474012	0.565440580419788	1.7386122912562	1.797072266	hsa_circ_0009043
5.110360079	6.9072821972	0.565440580419788	1.94774615182123	-1.7969221182	hsa_circ_0101926
5.110360079	6.9066175492	0.565440580419788	1.94702118091467	-1.7962574702	hsa_circ_0035957
6.8966045372	5.110360079	0.565440580419788	1.93608761590174	1.7862444582	hsa_circ_0006156
6.8891251512	5.110360079	0.565440580419788	1.92790628619241	1.7787650722	hsa_circ_0000118
5.110360079	6.8834360492	0.565440580419788	1.92167512835221	-1.7730759702	hsa_circ_0091382
5.110360079	6.8796876012	0.565440580419788	1.91756571410352	-1.7693275222	hsa_circ_0042066
5.110360079	6.8776714652	0.565440580419788	1.91535418118905	-1.7673113862	hsa_circ_0122632
5.110360079	6.8765666332	0.565440580419788	1.91414190340234	-1.7662065542	hsa_circ_0058047
5.110360079	6.8746507932	0.565440580419788	1.91203912784187	-1.7642907142	hsa_circ_0066278
5.110360079	6.8746507932	0.565440580419788	1.91203912784187	-1.7642907142	hsa_circ_0008981
6.8671156192	5.110360079	0.565440580419788	1.90376113788983	1.7567555402	hsa_circ_0135761
8.0754220774	6.3188722812	0.565440580419788	1.75408747085329	1.7565497962	hsa_circ_0005051
5.110360079	6.8628986292	0.565440580419788	1.89912319020943	-1.7525385502	hsa_circ_0020134
5.110360079	6.8561736392	0.565440580419788	1.89171914879111	-1.7458135602	hsa_circ_0107690
6.8528389572	5.110360079	0.565440580419788	1.88804424369316	1.7424788782	hsa_circ_0123217
6.8528389572	5.110360079	0.565440580419788	1.88804424369316	1.7424788782	hsa_circ_0005268
5.110360079	6.8515180492	0.565440580419788	1.8865879294975	-1.7411579702	hsa_circ_0134539
5.110360079	6.8508105332	0.565440580419788	1.88580773711906	-1.7404504542	hsa_circ_0123279
5.110360079	6.8499830412	0.565440580419788	1.88489511306599	-1.7396229622	hsa_circ_0003337
5.110360079	6.8499830412	0.565440580419788	1.88489511306599	-1.7396229622	hsa_circ_0001869
6.8494422852	5.110360079	0.565440580419788	1.88429864766167	1.7390822062	hsa_circ_0008934
5.110360079	6.8491456132	0.565440580419788	1.88397138640043	-1.7387855342	hsa_circ_0017048
5.110360079	6.8477553352	0.565440580419788	1.88243751705482	-1.7373952562	hsa_circ_0006607
6.8458514732	5.110360079	0.565440580419788	1.88033637188686	1.7354913942	hsa_circ_0121408
6.8396533612	5.110360079	0.565440580419788	1.87349083056414	1.7292932822	hsa_circ_0134123
6.8358950132	5.110360079	0.565440580419788	1.86933607171799	1.7255349342	hsa_circ_0102142
6.8258362392	5.110360079	0.565440580419788	1.85820225058642	1.7154761602	hsa_circ_0006595
6.8157997752	5.110360079	0.565440580419788	1.84707287572351	1.7054396962	hsa_circ_0000941
5.110360079	6.8157447552	0.565440580419788	1.84701180913341	-1.7053846762	hsa_circ_0103555
5.110360079	6.8107161152	0.565440580419788	1.8414280055315	-1.7003560362	hsa_circ_0007458
5.110360079	6.8104245792	0.565440580419788	1.84110413098101	-1.7000645002	hsa_circ_0030883
5.110360079	6.8104245792	0.565440580419788	1.84110413098101	-1.7000645002	hsa_circ_0030720
5.110360079	6.8104245792	0.565440580419788	1.84110413098101	-1.7000645002	hsa_circ_0015340
5.110360079	6.8074049952	0.565440580419788	1.83774861879999	-1.6970449162	hsa_circ_0007552
5.110360079	6.8074049952	0.565440580419788	1.83774861879999	-1.6970449162	hsa_circ_0005899
6.8012271912	5.110360079	0.565440580419788	1.8308779811942	1.6908671122	hsa_circ_0007520
5.110360079	6.8006346992	0.565440580419788	1.83021865160533	-1.6902746202	hsa_circ_0135681
5.110360079	6.8006346992	0.565440580419788	1.83021865160533	-1.6902746202	hsa_circ_0006388
6.7959810316	5.110360079	0.565440580419788	1.93031305267592	1.6856209526	hsa_circ_0004058
6.7956779252	5.110360079	0.565440580419788	1.82470005455324	1.6853178462	hsa_circ_0005918
5.110360079	6.7956663972	0.565440580419788	1.82468721439113	-1.6853063182	hsa_circ_0118814
5.110360079	6.7956663972	0.565440580419788	1.82468721439113	-1.6853063182	hsa_circ_0104021
5.110360079	6.7956663972	0.565440580419788	1.82468721439113	-1.6853063182	hsa_circ_0005265
5.110360079	6.7956663972	0.565440580419788	1.82468721439113	-1.6853063182	hsa_circ_0001558
5.110360079	6.7956663972	0.565440580419788	1.82468721439113	-1.6853063182	hsa_circ_0000652
5.110360079	6.7937702472	0.565440580419788	1.82257488927983	-1.6834101682	hsa_circ_0004686
6.7909598172	5.110360079	0.565440580419788	1.81944278024542	1.6805997382	hsa_circ_0001921
6.790894051	5.110360079	0.565440580419788	1.91061483251908	1.680533972	hsa_circ_0129420
5.110360079	6.7865980452	0.565440580419788	1.8145787756469	-1.6762379662	hsa_circ_0002151
6.7853108152	5.110360079	0.565440580419788	1.81314263687232	1.6749507362	hsa_circ_0006622
5.3582907868	7.0301984032	0.565440580419788	1.72402373770555	-1.6719076164	hsa_circ_0067620
5.110360079	6.7801124812	0.565440580419788	1.80733976154855	-1.6697524022	hsa_circ_0004622
5.110360079	6.7794485632	0.565440580419788	1.80659826613555	-1.6690884842	hsa_circ_0126649
5.110360079	6.7794485632	0.565440580419788	1.80659826613555	-1.6690884842	hsa_circ_0040580
5.110360079	6.7794485632	0.565440580419788	1.80659826613555	-1.6690884842	hsa_circ_0006887
6.7697586012	5.110360079	0.565440580419788	1.79576666850165	1.6593985222	hsa_circ_0003039
6.7655626292	5.110360079	0.565440580419788	1.79107093364638	1.6552025502	hsa_circ_0002457
5.110360079	6.7636721072	0.565440580419788	1.78895418090117	-1.6533120282	hsa_circ_0121061
5.110360079	6.7636721072	0.565440580419788	1.78895418090117	-1.6533120282	hsa_circ_0008866
6.7606232172	5.110360079	0.565440580419788	1.78553906336039	1.6502631382	hsa_circ_0009125
5.110360079	6.7562935672	0.565440580419788	1.78068643056644	-1.6459334882	hsa_circ_0125392
5.110360079	6.7544230232	0.565440580419788	1.7785888895962	-1.6440629442	hsa_circ_0004029
6.7519733672	5.110360079	0.565440580419788	1.7758410038847	1.6416132882	hsa_circ_0053074
6.7519733672	5.110360079	0.565440580419788	1.7758410038847	1.6416132882	hsa_circ_0000643
6.7508314552	5.110360079	0.565440580419788	1.7745597023361	1.6404713762	hsa_circ_0005075
6.7505904992	5.110360079	0.565440580419788	1.77428930367644	1.6402304202	hsa_circ_0117217
5.110360079	6.7481926312	0.565440580419788	1.77159787055245	-1.6378325522	hsa_circ_0025544
6.7447358132	5.110360079	0.565440580419788	1.7677160347868	1.6343757342	hsa_circ_0006916
6.7429511522	5.110360079	0.565440580419788	1.93623552667623	1.6325910732	hsa_circ_0008345
6.7425447472	5.110360079	0.565440580419788	1.76525447545042	1.6321846682	hsa_circ_0079284
5.110360079	6.7398576712	0.565440580419788	1.76223451205267	-1.6294975922	hsa_circ_0000985
6.7377123232	5.110360079	0.565440580419788	1.75982247446455	1.6273522442	hsa_circ_0001707
6.7377092432	5.110360079	0.565440580419788	1.75981901100603	1.6273491642	hsa_circ_0007964
6.7327975872	5.110360079	0.565440580419788	1.75429374262075	1.6224375082	hsa_circ_0079410
6.7318667912	5.110360079	0.565440580419788	1.75324618789879	1.6215067122	hsa_circ_0108638
5.110360079	6.7312747612	0.565440580419788	1.75257981549011	-1.6209146822	hsa_circ_0008675
5.110360079	6.7276825592	0.565440580419788	1.74853523068136	-1.6173224802	hsa_circ_0124536
6.7252577472	5.110360079	0.565440580419788	1.74580379116053	1.6148976682	hsa_circ_0003496
10.5152308784	8.901177361	0.565440580419788	1.43871351834438	1.6140535174	hsa_circ_0000524
5.110360079	6.7233742072	0.565440580419788	1.74368137243684	-1.6130141282	hsa_circ_0001777
5.110360079	6.7224286952	0.565440580419788	1.74261571737728	-1.6120686162	hsa_circ_0114429
5.110360079	6.7133028232	0.565440580419788	1.73232243545117	-1.6029427442	hsa_circ_0125427
6.7114250452	5.110360079	0.565440580419788	1.7302027020133	1.6010649662	hsa_circ_0122120
6.7104957732	5.110360079	0.565440580419788	1.72915347288902	1.6001356942	hsa_circ_0123913
5.110360079	6.7095192612	0.565440580419788	1.72805075011395	-1.5991591822	hsa_circ_0001397
5.110360079	6.7078512312	0.565440580419788	1.72616676512333	-1.5974911522	hsa_circ_0069655
5.110360079	6.7078512312	0.565440580419788	1.72616676512333	-1.5974911522	hsa_circ_0004442
6.7075911572	5.110360079	0.565440580419788	1.72587297835152	1.5972310782	hsa_circ_0110705
6.7075911572	5.110360079	0.565440580419788	1.72587297835152	1.5972310782	hsa_circ_0002349
6.7068838392	5.110360079	0.565440580419788	1.72507391553556	1.5965237602	hsa_circ_0133919
6.7068838392	5.110360079	0.565440580419788	1.72507391553556	1.5965237602	hsa_circ_0110084
5.6152468998	7.2098263552	0.565440580419788	1.55192346720901	-1.5945794554	hsa_circ_0001824
6.7025670812	5.110360079	0.565440580419788	1.72019544287369	1.5922070022	hsa_circ_0112024
6.7014096272	5.110360079	0.565440580419788	1.71888685330902	1.5910495482	hsa_circ_0123289
6.6975065832	5.110360079	0.565440580419788	1.71447254608315	1.5871465042	hsa_circ_0096290
6.6975065832	5.110360079	0.565440580419788	1.71447254608315	1.5871465042	hsa_circ_0007882
6.6940981652	5.110360079	0.565440580419788	1.71061562380994	1.5837380862	hsa_circ_0008838
6.6924701532	5.110360079	0.565440580419788	1.70877272139069	1.5821100742	hsa_circ_0017995
5.110360079	6.6905648752	0.565440580419788	1.7066154117383	-1.5802047962	hsa_circ_0002232
6.6891863132	5.110360079	0.565440580419788	1.7050541283036	1.5788262342	hsa_circ_0097388
6.6870567412	5.110360079	0.565440580419788	1.70264169345473	1.5766966622	hsa_circ_0003553
5.110360079	6.6865556352	0.565440580419788	1.70207392209434	-1.5761955562	hsa_circ_0079607
5.110360079	6.6865556352	0.565440580419788	1.70207392209434	-1.5761955562	hsa_circ_0008298
5.110360079	6.6865556352	0.565440580419788	1.70207392209434	-1.5761955562	hsa_circ_0006490
5.110360079	6.6865556352	0.565440580419788	1.70207392209434	-1.5761955562	hsa_circ_0000367
5.110360079	6.6839595752	0.565440580419788	1.69913185102958	-1.5735994962	hsa_circ_0002408
6.6825043392	5.110360079	0.565440580419788	1.69748218841742	1.5721442602	hsa_circ_0001679
8.4700652442	10.0416787736	0.565440580419788	1.39908297735001	-1.5716135294	hsa_circ_0001445
5.110360079	6.6771995132	0.565440580419788	1.69146578237291	-1.5668394342	hsa_circ_0006956
6.6762141772	5.110360079	0.565440580419788	1.69034778872681	1.5658540982	hsa_circ_0014405
6.6762141772	5.110360079	0.565440580419788	1.69034778872681	1.5658540982	hsa_circ_0004870
6.6741978532	5.110360079	0.565440580419788	1.68805953099158	1.5638377742	hsa_circ_0006102
5.110360079	6.6702772672	0.565440580419788	1.6836083836259	-1.5599171882	hsa_circ_0129362
6.6661059572	5.110360079	0.565440580419788	1.67886998053244	1.5557458782	hsa_circ_0106439
6.6649482152	5.110360079	0.565440580419788	1.67755437008934	1.5545881362	hsa_circ_0015814
5.110360079	6.6635621772	0.565440580419788	1.67597906477566	-1.5532020982	hsa_circ_0114779
5.110360079	6.6635621772	0.565440580419788	1.67597906477566	-1.5532020982	hsa_circ_0112862
5.110360079	6.6635621772	0.565440580419788	1.67597906477566	-1.5532020982	hsa_circ_0004491
5.110360079	6.6635621772	0.565440580419788	1.67597906477566	-1.5532020982	hsa_circ_0003933
5.110360079	6.6635621772	0.565440580419788	1.67597906477566	-1.5532020982	hsa_circ_0000782
6.6592839412	5.110360079	0.565440580419788	1.67111478640324	1.5489238622	hsa_circ_0004490
6.6577805632	5.110360079	0.565440580419788	1.66940481673073	1.5474204842	hsa_circ_0001319
5.110360079	6.6559137172	0.565440580419788	1.66728096004797	-1.5455536382	hsa_circ_0005347
6.6534193152	5.110360079	0.565440580419788	1.66444233878416	1.5430592362	hsa_circ_0093863
6.6532244392	5.110360079	0.565440580419788	1.66422053154101	1.5428643602	hsa_circ_0007485
5.110360079	6.6506769272	0.565440580419788	1.66132044369812	-1.5403168482	hsa_circ_0007765
5.110360079	6.6498415152	0.565440580419788	1.66036920172807	-1.5394814362	hsa_circ_0001392
6.6484632532	5.110360079	0.565440580419788	1.65879961885235	1.5381031742	hsa_circ_0074371
5.110360079	6.6484545932	0.565440580419788	1.65878975584755	-1.5380945142	hsa_circ_0005616
5.110360079	6.6397812812	0.565440580419788	1.648906096771	-1.5294212022	hsa_circ_0005735
5.110360079	6.6385764812	0.565440580419788	1.6475323073698	-1.5282164022	hsa_circ_0082415
5.110360079	6.6385764812	0.565440580419788	1.6475323073698	-1.5282164022	hsa_circ_0066536
5.110360079	6.6385764812	0.565440580419788	1.6475323073698	-1.5282164022	hsa_circ_0043848
5.110360079	6.6385764812	0.565440580419788	1.6475323073698	-1.5282164022	hsa_circ_0008282
5.110360079	6.6385764812	0.565440580419788	1.6475323073698	-1.5282164022	hsa_circ_0005759
5.110360079	6.6385764812	0.565440580419788	1.6475323073698	-1.5282164022	hsa_circ_0001654
5.110360079	6.6329316832	0.565440580419788	1.64109298620014	-1.5225716042	hsa_circ_0023904
5.110360079	6.6275637512	0.565440580419788	1.63496531589052	-1.5172036722	hsa_circ_0065159
6.6260558772	5.110360079	0.565440580419788	1.63324330184487	1.5156957982	hsa_circ_0027353
6.6260558772	5.110360079	0.565440580419788	1.63324330184487	1.5156957982	hsa_circ_0008774
6.6260558772	5.110360079	0.565440580419788	1.63324330184487	1.5156957982	hsa_circ_0003781
6.6218463772	5.110360079	0.565440580419788	1.6284343207538	1.5114862982	hsa_circ_0005202
6.6192755432	5.110360079	0.565440580419788	1.6254961687873	1.5089154642	hsa_circ_0001813
5.110360079	6.6148059352	0.565440580419788	1.620385799352	-1.5044458562	hsa_circ_0006151
6.6113352012	5.110360079	0.565440580419788	1.61641563739377	1.5009751222	hsa_circ_0004396
5.110360079	6.611281292	0.565440580419788	1.73541825772131	-1.500921213	hsa_circ_0071099
5.110360079	6.6112202872	0.565440580419788	1.61628415993744	-1.5008602082	hsa_circ_0034972
5.110360079	6.6112202872	0.565440580419788	1.61628415993744	-1.5008602082	hsa_circ_0001890
5.110360079	6.6105579972	0.565440580419788	1.6155263744285	-1.5001979182	hsa_circ_0064460
5.110360079	6.6105579972	0.565440580419788	1.6155263744285	-1.5001979182	hsa_circ_0035435
5.110360079	6.6105579972	0.565440580419788	1.6155263744285	-1.5001979182	hsa_circ_0001159
5.110360079	6.6079594772	0.565440580419788	1.61255260867347	-1.4975993982	hsa_circ_0037887
6.6020486332	5.110360079	0.565440580419788	1.60578486512091	1.4916885542	hsa_circ_0134686
6.6020486332	5.110360079	0.565440580419788	1.60578486512091	1.4916885542	hsa_circ_0126287
6.6008922132	5.110360079	0.565440580419788	1.60446026175068	1.4905321342	hsa_circ_0111162
6.5987830812	5.110360079	0.565440580419788	1.60204394101055	1.4884230022	hsa_circ_0080835
6.5916159052	5.110360079	0.565440580419788	1.59382860276409	1.4812558262	hsa_circ_0078264
6.5916159052	5.110360079	0.565440580419788	1.59382860276409	1.4812558262	hsa_circ_0003958
6.5896029972	5.110360079	0.565440580419788	1.5915201391387	1.4792429182	hsa_circ_0138853
6.5872616032	5.110360079	0.565440580419788	1.58883431486387	1.4769015242	hsa_circ_0101874
6.5861787752	5.110360079	0.565440580419788	1.58759196505086	1.4758186962	hsa_circ_0005374
5.110360079	6.5809961952	0.565440580419788	1.58164386911435	-1.4706361162	hsa_circ_0009133
5.110360079	6.5809961952	0.565440580419788	1.58164386911435	-1.4706361162	hsa_circ_0000139
6.5807917612	5.110360079	0.565440580419788	1.58140917020166	1.4704316822	hsa_circ_0018889
5.110360079	6.5806194572	0.565440580419788	1.58121135390228	-1.4702593782	hsa_circ_0115643
6.5777012772	5.110360079	0.565440580419788	1.57786053909674	1.4673411982	hsa_circ_0127414
6.5727996392	5.110360079	0.565440580419788	1.57222987862773	1.4624395602	hsa_circ_0132533
5.110360079	6.5727528392	0.565440580419788	1.57217610407987	-1.4623927602	hsa_circ_0094333
6.5708691172	5.110360079	0.565440580419788	1.57001143547201	1.4605090382	hsa_circ_0007331
6.5708691172	5.110360079	0.565440580419788	1.57001143547201	1.4605090382	hsa_circ_0002634
5.110360079	6.5672970192	0.565440580419788	1.56590541855397	-1.4569369402	hsa_circ_0007609
5.110360079	6.5639459052	0.565440580419788	1.56205204712553	-1.4535858262	hsa_circ_0075554
6.5632019592	5.110360079	0.565440580419788	1.56119642187875	1.4528418802	hsa_circ_0120532
6.5632019592	5.110360079	0.565440580419788	1.56119642187875	1.4528418802	hsa_circ_0013382
6.5620474052	5.110360079	0.565440580419788	1.55986842165844	1.4516873262	hsa_circ_0004127
5.110360079	6.5608385112	0.565440580419788	1.55847775232856	-1.4504784322	hsa_circ_0126525
5.110360079	6.5608385112	0.565440580419788	1.55847775232856	-1.4504784322	hsa_circ_0008058
6.5578434452	5.110360079	0.565440580419788	1.55503160715051	1.4474833662	hsa_circ_0008350
6.5578434452	5.110360079	0.565440580419788	1.55503160715051	1.4474833662	hsa_circ_0005797
6.5578434452	5.110360079	0.565440580419788	1.55503160715051	1.4474833662	hsa_circ_0001074
6.5542896872	5.110360079	0.565440580419788	1.55094129597764	1.4439296082	hsa_circ_0077223
6.5529474532	5.110360079	0.565440580419788	1.54939603639025	1.4425873742	hsa_circ_0132059
6.5529474532	5.110360079	0.565440580419788	1.54939603639025	1.4425873742	hsa_circ_0108767
6.5529474532	5.110360079	0.565440580419788	1.54939603639025	1.4425873742	hsa_circ_0101943
9.1710770856	7.73040827	0.565440580419788	1.278944014263	1.4406688156	hsa_circ_0000117
5.110360079	6.5504151072	0.565440580419788	1.54648009747382	-1.4400550282	hsa_circ_0099173
5.110360079	6.5472317012	0.565440580419788	1.54281346286794	-1.4368716222	hsa_circ_0095749
5.110360079	6.5472317012	0.565440580419788	1.54281346286794	-1.4368716222	hsa_circ_0006027
5.110360079	6.5465703212	0.565440580419788	1.54205154715806	-1.4362102422	hsa_circ_0054221
6.5464365692	5.110360079	0.565440580419788	1.54189745778859	1.4360764902	hsa_circ_0008500
6.5456464612	5.110360079	0.565440580419788	1.5409871714723	1.4352863822	hsa_circ_0004689
6.5435511312	5.110360079	0.565440580419788	1.53857280261891	1.4331910522	hsa_circ_0122401
5.110360079	6.5423590232	0.565440580419788	1.53719896816953	-1.4319989442	hsa_circ_0064557
5.110360079	6.5396010032	0.565440580419788	1.53401992178186	-1.4292409242	hsa_circ_0002105
5.110360079	6.5396010032	0.565440580419788	1.53401992178186	-1.4292409242	hsa_circ_0000498
6.5359375972	5.110360079	0.565440580419788	1.52979601414036	1.4255775182	hsa_circ_0006090
6.5338384892	5.110360079	0.565440580419788	1.52737509932914	1.4234784102	hsa_circ_0128716
5.110360079	6.5283657652	0.565440580419788	1.52106119853425	-1.4180056862	hsa_circ_0006082
6.5249409572	5.110360079	0.565440580419788	1.51710840930638	1.4145808782	hsa_circ_0019884
5.110360079	6.5235076112	0.565440580419788	1.51545373775911	-1.4131475322	hsa_circ_0075410
5.110360079	6.5166752572	0.565440580419788	1.50756354679253	-1.4063151782	hsa_circ_0140676
5.4007223674	6.8037824452	0.565440580419788	1.42733624012324	-1.4030600778	hsa_circ_0008702
7.714042763	6.311003305	0.565440580419788	1.34780936890614	1.403039458	hsa_circ_0054254
5.110360079	6.5089859452	0.565440580419788	1.49867821617974	-1.3986258662	hsa_circ_0118151
5.110360079	6.5089859452	0.565440580419788	1.49867821617974	-1.3986258662	hsa_circ_0098562
5.110360079	6.5089859452	0.565440580419788	1.49867821617974	-1.3986258662	hsa_circ_0006705
5.110360079	6.5089859452	0.565440580419788	1.49867821617974	-1.3986258662	hsa_circ_0000019
5.110360079	6.5083252172	0.565440580419788	1.49791445025122	-1.3979651382	hsa_circ_0007449
6.5057174412	5.110360079	0.565440580419788	1.4948995965513	1.3953573622	hsa_circ_0139633
5.110360079	6.5050292812	0.565440580419788	1.49410390649292	-1.3946692022	hsa_circ_0008906
5.110360079	6.5050292812	0.565440580419788	1.49410390649292	-1.3946692022	hsa_circ_0007695
6.5017141272	5.110360079	0.565440580419788	1.49027011347302	1.3913540482	hsa_circ_0129134
6.5017141272	5.110360079	0.565440580419788	1.49027011347302	1.3913540482	hsa_circ_0057681
5.110360079	6.4953112412	0.565440580419788	1.48286265582158	-1.3849511622	hsa_circ_0122803
5.110360079	6.4953112412	0.565440580419788	1.48286265582158	-1.3849511622	hsa_circ_0007660
5.110360079	6.4917695032	0.565440580419788	1.47876364686498	-1.3814094242	hsa_circ_0008126
5.110360079	6.4917695032	0.565440580419788	1.47876364686498	-1.3814094242	hsa_circ_0007592
6.4909392112	5.110360079	0.565440580419788	1.4778025516768	1.3805791322	hsa_circ_0034898
6.4893597272	5.110360079	0.565440580419788	1.47597406957166	1.3789996482	hsa_circ_0000119
5.110360079	6.4871167512	0.565440580419788	1.47337712308416	-1.3767566722	hsa_circ_0000972
6.4808194412	5.110360079	0.565440580419788	1.46608369419808	1.3704593622	hsa_circ_0003638
6.4796673912	5.110360079	0.565440580419788	1.46474904604302	1.3693073122	hsa_circ_0006531
6.4796673912	5.110360079	0.565440580419788	1.46474904604302	1.3693073122	hsa_circ_0004208
6.4796673912	5.110360079	0.565440580419788	1.46474904604302	1.3693073122	hsa_circ_0000137
5.110360079	6.4784611272	0.565440580419788	1.46335147172802	-1.3681010482	hsa_circ_0066682
5.110360079	6.4784611272	0.565440580419788	1.46335147172802	-1.3681010482	hsa_circ_0001355
6.4774800972	5.110360079	0.565440580419788	1.46221476341381	1.3671200182	hsa_circ_0004380
6.4754726312	5.110360079	0.565440580419788	1.45988848678164	1.3651125522	hsa_circ_0087243
6.4754726312	5.110360079	0.565440580419788	1.45988848678164	1.3651125522	hsa_circ_0054476
6.4734656592	5.110360079	0.565440580419788	1.4575624514845	1.3631055802	hsa_circ_0004642
6.4720186452	5.110360079	0.565440580419788	1.45588519133102	1.3616585662	hsa_circ_0086466
6.4699568832	5.110360079	0.565440580419788	1.45349507370918	1.3595968042	hsa_circ_0001819
6.4674962712	5.110360079	0.565440580419788	1.45064214083932	1.3571361922	hsa_circ_0008139
6.4674962712	5.110360079	0.565440580419788	1.45064214083932	1.3571361922	hsa_circ_0003517
6.4674962712	5.110360079	0.565440580419788	1.45064214083932	1.3571361922	hsa_circ_0001855
5.110360079	6.4648847092	0.565440580419788	1.44761366775408	-1.3545246302	hsa_circ_0075275
5.110360079	6.4648847092	0.565440580419788	1.44761366775408	-1.3545246302	hsa_circ_0025750
5.110360079	6.4648847092	0.565440580419788	1.44761366775408	-1.3545246302	hsa_circ_0024037
5.110360079	6.4648847092	0.565440580419788	1.44761366775408	-1.3545246302	hsa_circ_0021603
5.110360079	6.4648847092	0.565440580419788	1.44761366775408	-1.3545246302	hsa_circ_0008257
5.110360079	6.4648847092	0.565440580419788	1.44761366775408	-1.3545246302	hsa_circ_0006256
5.110360079	6.4648847092	0.565440580419788	1.44761366775408	-1.3545246302	hsa_circ_0005429
5.110360079	6.4648847092	0.565440580419788	1.44761366775408	-1.3545246302	hsa_circ_0001359
5.110360079	6.4645091212	0.565440580419788	1.44717807684122	-1.3541490422	hsa_circ_0072654
5.110360079	6.4642248452	0.565440580419788	1.44684837839386	-1.3538647662	hsa_circ_0000345
5.110360079	6.4640921572	0.565440580419788	1.44669448697154	-1.3537320782	hsa_circ_0000130
6.4629409452	5.110360079	0.565440580419788	1.44535925513256	1.3525808662	hsa_circ_0003551
6.4591298032	5.110360079	0.565440580419788	1.44093818138066	1.3487697242	hsa_circ_0044944
6.4547890552	5.110360079	0.565440580419788	1.43590140945141	1.3444289762	hsa_circ_0100060
6.4547890552	5.110360079	0.565440580419788	1.43590140945141	1.3444289762	hsa_circ_0067774
6.4545951012	5.110360079	0.565440580419788	1.43567632293359	1.3442350222	hsa_circ_0010835
6.4517429292	5.110360079	0.565440580419788	1.43236601643093	1.3413828502	hsa_circ_0009362
5.110360079	6.4512283032	0.565440580419788	1.43176866480109	-1.3408682242	hsa_circ_0105009
5.110360079	6.4498480472	0.565440580419788	1.43016643969067	-1.3394879682	hsa_circ_0006665
6.4441227372	5.110360079	0.565440580419788	1.42351895524771	1.3337626582	hsa_circ_0003315
6.4418054472	5.110360079	0.565440580419788	1.42082776994639	1.3314453682	hsa_circ_0013731
6.4418054472	5.110360079	0.565440580419788	1.42082776994639	1.3314453682	hsa_circ_0006320
6.4418054472	5.110360079	0.565440580419788	1.42082776994639	1.3314453682	hsa_circ_0001098
6.4414963272	5.110360079	0.565440580419788	1.4204687455205	1.3311362482	hsa_circ_0115845
5.110360079	6.4393590292	0.565440580419788	1.41798622393317	-1.3289989502	hsa_circ_0000246
5.110360079	6.4344019592	0.565440580419788	1.41222729526696	-1.3240418802	hsa_circ_0084143
5.110360079	6.4344019592	0.565440580419788	1.41222729526696	-1.3240418802	hsa_circ_0034880
6.4297374392	5.110360079	0.565440580419788	1.40680677588132	1.3193773602	hsa_circ_0032242
6.4275615192	5.110360079	0.565440580419788	1.40427772179211	1.3172014402	hsa_circ_0019540
6.4275615192	5.110360079	0.565440580419788	1.40427772179211	1.3172014402	hsa_circ_0008631
6.4181365852	5.110360079	0.565440580419788	1.39331984795848	1.3077765062	hsa_circ_0106510
5.110360079	6.4128051492	0.565440580419788	1.38711895255142	-1.3024450702	hsa_circ_0088051
5.110360079	6.4121464912	0.565440580419788	1.38635276770235	-1.3017864122	hsa_circ_0111825
5.110360079	6.4121464912	0.565440580419788	1.38635276770235	-1.3017864122	hsa_circ_0094873
6.4071592292	5.110360079	0.565440580419788	1.3805505522396	1.2967991502	hsa_circ_0117303
6.4071592292	5.110360079	0.565440580419788	1.3805505522396	1.2967991502	hsa_circ_0000061
6.4070980252	5.110360079	0.565440580419788	1.38047933869034	1.2967379462	hsa_circ_0083014
6.4025346672	5.110360079	0.565440580419788	1.37516911236317	1.2921745882	hsa_circ_0068173
5.110360079	6.4007833592	0.565440580419788	1.37313088659055	-1.2904232802	hsa_circ_0089972
5.110360079	6.4007833592	0.565440580419788	1.37313088659055	-1.2904232802	hsa_circ_0001727
6.3974944232	5.110360079	0.565440580419788	1.36930270285066	1.2871343442	hsa_circ_0123910
6.3957476712	5.110360079	0.565440580419788	1.36726933839989	1.2853875922	hsa_circ_0061278
6.3957476712	5.110360079	0.565440580419788	1.36726933839989	1.2853875922	hsa_circ_0005505
6.3936196912	5.110360079	0.565440580419788	1.3647919925345	1.2832596122	hsa_circ_0003221
6.3936196912	5.110360079	0.565440580419788	1.3647919925345	1.2832596122	hsa_circ_0000343
6.3825523532	5.110360079	0.565440580419788	1.35190425950283	1.2721922742	hsa_circ_0110519
6.3825523532	5.110360079	0.565440580419788	1.35190425950283	1.2721922742	hsa_circ_0103033
5.110360079	6.3823810972	0.565440580419788	1.3517047919009	-1.2720210182	hsa_circ_0002968
5.110360079	6.3820976872	0.565440580419788	1.35137469201931	-1.2717376082	hsa_circ_0014614
5.110360079	6.3820976872	0.565440580419788	1.35137469201931	-1.2717376082	hsa_circ_0002954
6.3811980012	5.110360079	0.565440580419788	1.35032676615921	1.2708379222	hsa_circ_0007656
6.3811980012	5.110360079	0.565440580419788	1.35032676615921	1.2708379222	hsa_circ_0002103
6.3794807692	5.110360079	0.565440580419788	1.34832649374648	1.2691206902	hsa_circ_0027459
6.3724977732	5.110360079	0.565440580419788	1.34019129649485	1.2621376942	hsa_circ_0112142
5.110360079	6.3627247492	0.565440580419788	1.32880259811859	-1.2523646702	hsa_circ_0130793
5.110360079	6.3627247492	0.565440580419788	1.32880259811859	-1.2523646702	hsa_circ_0009911
6.3597493012	5.110360079	0.565440580419788	1.32533458319513	1.2493892222	hsa_circ_0096781
5.110360079	6.3492087092	0.565440580419788	1.31304680495641	-1.2388486302	hsa_circ_0020240
5.110360079	6.3492087092	0.565440580419788	1.31304680495641	-1.2388486302	hsa_circ_0009154
5.110360079	6.3492087092	0.565440580419788	1.31304680495641	-1.2388486302	hsa_circ_0007739
5.110360079	6.3492087092	0.565440580419788	1.31304680495641	-1.2388486302	hsa_circ_0004462
5.110360079	6.3492087092	0.565440580419788	1.31304680495641	-1.2388486302	hsa_circ_0000761
6.2833059212	7.5198763994	0.568023984467201	1.17990196461627	-1.2365704782	hsa_circ_0001173
6.3455534332	5.110360079	0.565440580419788	1.30878488264019	1.2351933542	hsa_circ_0006343
5.110360079	6.3416308072	0.565440580419788	1.30421084722531	-1.2312707282	hsa_circ_0068135
6.3379448832	5.110360079	0.565440580419788	1.29991247509536	1.2275848042	hsa_circ_0006208
6.3349882952	5.110360079	0.565440580419788	1.29646439739347	1.2246282162	hsa_circ_0070934
6.3349882952	5.110360079	0.565440580419788	1.29646439739347	1.2246282162	hsa_circ_0053406
6.3349882952	5.110360079	0.565440580419788	1.29646439739347	1.2246282162	hsa_circ_0001148
6.3259312092	5.110360079	0.565440580419788	1.28590057385237	1.2155711302	hsa_circ_0118758
6.3259312092	5.110360079	0.565440580419788	1.28590057385237	1.2155711302	hsa_circ_0091187
5.110360079	6.3188722812	0.565440580419788	1.27766630632482	-1.2085122022	hsa_circ_0119440
5.110360079	6.3188722812	0.565440580419788	1.27766630632482	-1.2085122022	hsa_circ_0001030
5.110360079	6.3105864972	0.565440580419788	1.2680000075598	-1.2002264182	hsa_circ_0015519
6.3079012512	5.110360079	0.565440580419788	1.26486719851375	1.1975411722	hsa_circ_0006338
6.3048765652	5.110360079	0.565440580419788	1.2613382936255	1.1945164862	hsa_circ_0133715
6.3048765652	5.110360079	0.565440580419788	1.2613382936255	1.1945164862	hsa_circ_0004313
6.3010204472	5.110360079	0.565440580419788	1.25683925305393	1.1906603682	hsa_circ_0054979
6.2960455112	5.110360079	0.565440580419788	1.25103472599509	1.1856854322	hsa_circ_0040827
5.110360079	6.2941637712	0.565440580419788	1.24883917052669	-1.1838036922	hsa_circ_0110522
6.2828481892	5.110360079	0.565440580419788	1.23563639407452	1.1724881102	hsa_circ_0002008
6.2821637772	5.110360079	0.565440580419788	1.23483783983354	1.1718036982	hsa_circ_0071197
6.2780054132	5.110360079	0.565440580419788	1.22998600058374	1.1676453342	hsa_circ_0007619
6.2760160432	5.110360079	0.565440580419788	1.22766489681255	1.1656559642	hsa_circ_0000615
5.110360079	6.2675117292	0.565440580419788	1.21774275525921	-1.1571516502	hsa_circ_0111566
5.110360079	6.2675117292	0.565440580419788	1.21774275525921	-1.1571516502	hsa_circ_0069443
5.110360079	6.2675117292	0.565440580419788	1.21774275525921	-1.1571516502	hsa_circ_0047921
5.110360079	6.2675117292	0.565440580419788	1.21774275525921	-1.1571516502	hsa_circ_0006526
5.110360079	6.2675117292	0.565440580419788	1.21774275525921	-1.1571516502	hsa_circ_0005395
5.110360079	6.2675117292	0.565440580419788	1.21774275525921	-1.1571516502	hsa_circ_0004682
5.110360079	6.2675117292	0.565440580419788	1.21774275525921	-1.1571516502	hsa_circ_0001322
5.110360079	6.2675117292	0.565440580419788	1.21774275525921	-1.1571516502	hsa_circ_0000419
5.110360079	6.2671395472	0.565440580419788	1.2173085372826	-1.1567794682	hsa_circ_0083465
5.110360079	6.2671395472	0.565440580419788	1.2173085372826	-1.1567794682	hsa_circ_0007403
5.110360079	6.2668578512	0.565440580419788	1.21697988857421	-1.1564977722	hsa_circ_0004792
5.9749462828	7.1282952472	0.587339163788051	1.02248918297753	-1.1533489644	hsa_circ_0001492
6.2575091772	5.110360079	0.565807061473084	1.20607349924793	1.1471490982	hsa_circ_0064196
6.2573170452	5.110360079	0.565807061473084	1.205849365192	1.1469569662	hsa_circ_0036599
6.2573170452	5.110360079	0.565807061473084	1.205849365192	1.1469569662	hsa_circ_0005627
6.2467054672	5.110360079	0.568023984467201	1.19347121224831	1.1363453882	hsa_circ_0112107
6.2446501492	5.110360079	0.568023984467201	1.19107396822383	1.1342900702	hsa_circ_0128737
6.2312314992	5.110360079	0.568023984467201	1.17542527913991	1.1208714202	hsa_circ_0019803
6.2305494332	5.110360079	0.568023984467201	1.17462998028897	1.1201893542	hsa_circ_0103480
6.2305494332	5.110360079	0.568023984467201	1.17462998028897	1.1201893542	hsa_circ_0004372
5.110360079	6.2293737332	0.568023984467201	1.17325912681427	-1.1190136542	hsa_circ_0030049
6.2230418512	5.110360079	0.568023984467201	1.1658769003627	1.1126817722	hsa_circ_0079480
6.2230418512	5.110360079	0.568023984467201	1.1658769003627	1.1126817722	hsa_circ_0001798
5.110360079	6.2152974832	0.568023984467201	1.15684957385777	-1.1049374042	hsa_circ_0001741
6.2146129472	5.110360079	0.568023984467201	1.15605173168769	1.1042528682	hsa_circ_0074243
6.2069287812	5.110360079	0.568023984467201	1.14709682081673	1.0965687022	hsa_circ_0057657
6.2057917932	5.110360079	0.568023984467201	1.14577199533951	1.0954317142	hsa_circ_0104319
5.110360079	6.2040602012	0.568023984467201	1.14375443111929	-1.0937001222	hsa_circ_0083995
5.110360079	6.2040602012	0.568023984467201	1.14375443111929	-1.0937001222	hsa_circ_0073052
5.110360079	6.2040602012	0.568023984467201	1.14375443111929	-1.0937001222	hsa_circ_0067103
5.110360079	6.2040602012	0.568023984467201	1.14375443111929	-1.0937001222	hsa_circ_0000567
6.2008086152	5.110360079	0.568234776691561	1.13996617225861	1.0904485362	hsa_circ_0001829
6.1781955872	5.110360079	0.573721240782502	1.11363396220694	1.0678355082	hsa_circ_0098976
6.1676462492	5.110360079	0.573721240782502	1.10135843645361	1.0572861702	hsa_circ_0005147
5.110360079	6.1664606332	0.573721240782502	1.09997921011778	-1.0561005542	hsa_circ_0006990
6.1635236552	5.110360079	0.573721240782502	1.0965629812186	1.0531635762	hsa_circ_0137001
6.1635236552	5.110360079	0.573721240782502	1.0965629812186	1.0531635762	hsa_circ_0122319
6.1635236552	5.110360079	0.573721240782502	1.0965629812186	1.0531635762	hsa_circ_0001309
6.1581043872	5.110360079	0.573721240782502	1.09026077271865	1.0477443082	hsa_circ_0002538
5.110360079	6.1531225472	0.573721240782502	1.08446888092459	-1.0427624682	hsa_circ_0140513
5.110360079	6.1531225472	0.573721240782502	1.08446888092459	-1.0427624682	hsa_circ_0004586
5.110360079	6.1531225472	0.573721240782502	1.08446888092459	-1.0427624682	hsa_circ_0002302
5.110360079	6.1531225472	0.573721240782502	1.08446888092459	-1.0427624682	hsa_circ_0002215
5.110360079	6.1531225472	0.573721240782502	1.08446888092459	-1.0427624682	hsa_circ_0001189
5.110360079	6.1531225472	0.573721240782502	1.08446888092459	-1.0427624682	hsa_circ_0000798
6.1430210512	5.110360079	0.574636335924393	1.07272989511436	1.0326609722	hsa_circ_0129931
6.1430210512	5.110360079	0.574636335924393	1.07272989511436	1.0326609722	hsa_circ_0100603
6.1430210512	5.110360079	0.574636335924393	1.07272989511436	1.0326609722	hsa_circ_0084904
5.110360079	6.1397172472	0.574917189779297	1.0688920598175	-1.0293571682	hsa_circ_0002903
7.7435738574	6.7155704392	0.627691588031033	0.868972355671832	1.0280034182	hsa_circ_0008285
6.1365088172	5.110360079	0.575156418361376	1.06516576438837	1.0261487382	hsa_circ_0008678
6.1301714712	5.110360079	0.576848723919412	1.05780775640831	1.0198113922	hsa_circ_0001494
6.1131652252	5.110360079	0.583531307316984	1.03807811175325	1.0028051462	hsa_circ_0002468
5.110360079	6.1023493992	0.587339163788051	1.02554287020569	-0.9919893202	hsa_circ_0094652
5.110360079	6.072329533	0.599093959434519	0.990808140780736	-0.961969453999999	hsa_circ_0007358
6.0626850904	5.110360079	0.602447668707409	0.979668520170776	0.952325011399998	hsa_circ_0038005
6.059912156	5.110360079	0.60249842632567	0.97646758194396	0.949552076999999	hsa_circ_0005992
8.1299356854	7.1873475932	0.671912238220989	0.716544682978093	0.942588092199999	hsa_circ_0001092
6.050256776	5.110360079	0.604866170439807	0.965328680444647	0.939896696999999	hsa_circ_0003261
5.110360079	6.04968548	0.604866170439807	0.96466994354582	-0.939325401	hsa_circ_0133037
6.0364340134	5.110360079	0.608716981718745	0.949401180222334	0.926073934399999	hsa_circ_0110703
6.0364340134	5.110360079	0.608716981718745	0.949401180222334	0.926073934399999	hsa_circ_0087255
6.0290799402	5.110360079	0.611007046453478	0.940936900657364	0.9187198612	hsa_circ_0018405
5.110360079	6.0105043146	0.613122817241978	0.919588236438098	-0.900144235599999	hsa_circ_0129283
5.110360079	6.0105043146	0.613122817241978	0.919588236438098	-0.900144235599999	hsa_circ_0127912
5.110360079	6.0105043146	0.613122817241978	0.919588236438098	-0.900144235599999	hsa_circ_0062885
5.110360079	6.0105043146	0.613122817241978	0.919588236438098	-0.900144235599999	hsa_circ_0029968
5.110360079	6.0105043146	0.613122817241978	0.919588236438098	-0.900144235599999	hsa_circ_0007967
5.110360079	6.0089486818	0.613122817241978	0.917802476751665	-0.898588602799999	hsa_circ_0011571
5.9945545342	5.110360079	0.61888913776204	0.901295082681117	0.884194455199999	hsa_circ_0067619
5.9756079234	5.110360079	0.624693735889813	0.879613046076257	0.865247844399999	hsa_circ_0108416
5.9749462828	5.110360079	0.624693735889813	0.878856866970407	0.864586203799998	hsa_circ_0112200
5.9749462828	5.110360079	0.624693735889813	0.878856866970407	0.864586203799998	hsa_circ_0013330
5.9553292206	5.110360079	0.631852699550965	0.856468394204035	0.844969141599998	hsa_circ_0002976
5.9509625884	5.110360079	0.632733424496454	0.851493396491642	0.840602509399998	hsa_circ_0005603
5.110360079	5.9382035334	0.637823215266566	0.83697522079206	-0.827843454399998	hsa_circ_0007509
6.1365088172	6.9632032452	0.676436072602453	0.694230883809584	-0.826694428000001	hsa_circ_0032064
5.110360079	5.931714298	0.639780221133243	0.829602120570881	-0.821354218999999	hsa_circ_0000069
6.7766060992	5.9607944678	0.671912238220989	0.713097553554995	0.8158116314	hsa_circ_0001305
6.7697586012	5.9607944678	0.671912238220989	0.706754422829395	0.8089641334	hsa_circ_0006936
5.8967048442	5.110360079	0.656263147362622	0.78995680816906	0.786344765199998	hsa_circ_0000235
5.8842195066	5.110360079	0.661350427245362	0.775875043611736	0.7738594276	hsa_circ_0004944
5.8611534182	5.110360079	0.666542831252048	0.749943162155975	0.750793339199999	hsa_circ_0097665
5.8611534182	5.110360079	0.666542831252048	0.749943162155975	0.750793339199999	hsa_circ_0007385
5.8611534182	5.110360079	0.666542831252048	0.749943162155975	0.750793339199999	hsa_circ_0001885
5.8611534182	5.110360079	0.666542831252048	0.749943162155975	0.750793339199999	hsa_circ_0001009
5.8611534182	5.110360079	0.666542831252048	0.749943162155975	0.750793339199999	hsa_circ_0000721
5.8560043424	5.110360079	0.666542831252048	0.744169651377035	0.745644263399998	hsa_circ_0004089
5.8560043424	5.110360079	0.666542831252048	0.744169651377035	0.745644263399998	hsa_circ_0001136
5.6152468998	6.3492087092	0.680336397466858	0.683099047300708	-0.733961809399999	hsa_circ_0008375
5.110360079	5.8229762144	0.671912238220989	0.707275467431917	-0.712616135399999	hsa_circ_0136923
5.110360079	5.8229762144	0.671912238220989	0.707275467431917	-0.712616135399999	hsa_circ_0113605
5.110360079	5.8229762144	0.671912238220989	0.707275467431917	-0.712616135399999	hsa_circ_0091364
5.110360079	5.8229762144	0.671912238220989	0.707275467431917	-0.712616135399999	hsa_circ_0016868
5.110360079	5.8229762144	0.671912238220989	0.707275467431917	-0.712616135399999	hsa_circ_0002762
5.110360079	5.8229762144	0.671912238220989	0.707275467431917	-0.712616135399999	hsa_circ_0001312
6.1430210512	6.8244644992	0.725255635362343	0.565571279466269	-0.681443448000001	hsa_circ_0023694
5.789644789	5.110360079	0.684042539193696	0.670300112054059	0.679284709999998	hsa_circ_0037130
5.7890146	5.110360079	0.684042539193696	0.669603640545293	0.678654520999999	hsa_circ_0000591
5.6480262636	6.3188722812	0.704328269007716	0.616192557461931	-0.670846017600001	hsa_circ_0001414
5.110360079	5.7631713246	0.694957647425925	0.641129093175446	-0.652811245599999	hsa_circ_0115207
5.110360079	5.7631713246	0.694957647425925	0.641129093175446	-0.652811245599999	hsa_circ_0002490
5.7496975062	5.110360079	0.700746281090136	0.62635243562309	0.639337427199999	hsa_circ_0020028
6.8288751392	6.2040602012	0.752820977425534	0.508971609796887	0.624814938	hsa_circ_0064697
6.3597493012	6.9796696072	0.761645723647156	0.486609515212074	-0.619920306	hsa_circ_0007290
7.6526744074	7.0487970312	0.778303044157495	0.452547267057547	0.603877376200001	hsa_circ_0058493
12.8992806778	12.3037456838	0.783563165137756	0.431900599398809	0.595534994000005	hsa_circ_0000722
5.7033170894	5.110360079	0.721490495133921	0.575868308419351	0.592957010399999	hsa_circ_0139130
5.7033170894	5.110360079	0.721490495133921	0.575868308419351	0.592957010399999	hsa_circ_0108891
6.3048765652	6.8696290012	0.778303044157495	0.44714160686197	-0.564752436	hsa_circ_0001190
6.8258362392	6.2671395472	0.778303044157495	0.446009817619121	0.558696692000001	hsa_circ_0001771
6.7703187812	7.3043739182	0.791537569261262	0.411817220693998	-0.534055137000002	hsa_circ_0001647
5.6371178854	5.110360079	0.753491845186262	0.504909456525743	0.526757806399998	hsa_circ_0003583
6.5329110492	7.0374903352	0.806512085156527	0.376604965242587	-0.504579286	hsa_circ_0008737
6.4282506752	6.9271513552	0.805245528766995	0.381591873286266	-0.49890068	hsa_circ_0002360
6.6067976816	6.1232167712	0.787573379814646	0.421795667378216	0.4835809104	hsa_circ_0007707
5.5795673282	5.110360079	0.778303044157495	0.444363555145613	0.469207249199999	hsa_circ_0129331
6.6843101914	6.2293737332	0.803146567081091	0.388081964758166	0.454936458200001	hsa_circ_0003413
7.6204450194	8.057386049	0.82107323331616	0.339963181456691	-0.436941029599999	hsa_circ_0000437
6.6661856812	6.2668578512	0.834494293933244	0.313877792325387	0.399327829999999	hsa_circ_0019120
5.489640517	5.110360079	0.815724386766915	0.352091452612591	0.379280437999999	hsa_circ_0005529
5.489640517	5.110360079	0.815724386766915	0.352091452612591	0.379280437999999	hsa_circ_0005362
5.489640517	5.110360079	0.815724386766915	0.352091452612591	0.379280437999999	hsa_circ_0003713
6.7853868572	6.4128051492	0.85116812273025	0.282646768438787	0.372581707999999	hsa_circ_0006225
7.9021569714	8.2579663754	0.87017520075686	0.248100903155013	-0.355809403999999	hsa_circ_0000605
7.1973134654	6.8935245452	0.881456079650231	0.224164884451214	0.303788920200001	hsa_circ_0007444
6.8258362392	7.1170467842	0.886740913581211	0.212871741818955	-0.291210544999999	hsa_circ_0005670
6.0290799402	5.7541305548	0.876992991566258	0.234162391347996	0.274949385399999	hsa_circ_0008618
6.4036845372	6.6635621772	0.896056356044349	0.195130655102589	-0.25987764	hsa_circ_0003472
6.7014096272	6.4784611272	0.91393699518503	0.16396606733186	0.222948500000001	hsa_circ_0000778
7.540270805	7.385705354	0.945513202563444	0.10917385332885	0.154565450999999	hsa_circ_0001050
6.7327975872	6.5809961952	0.945513202563444	0.108236646885809	0.151801392	hsa_circ_0112897
6.4026748352	6.5472317012	0.945513202563444	0.107014423471216	-0.144556866	hsa_circ_0056664
6.7007661592	6.8400794272	0.94706473589457	0.102009101424497	-0.139313268	hsa_circ_0007854
7.0138394404	7.1500248132	0.950372404860442	0.094344138188612	-0.136185372799999	hsa_circ_0027463
6.6958295492	6.5809961952	0.957115542049632	0.081513732650724	0.114833354	hsa_circ_0088046
5.8537273488	5.931714298	0.967644891773943	0.0631036576390695	-0.0779869492000005	hsa_circ_0071037
6.8482057336	6.9216461452	0.974291459204616	0.0506072400703274	-0.0734404116000018	hsa_circ_0007370
6.1007447632	6.072329533	0.991998750524021	0.0220064073716939	0.0284152302000011	hsa_circ_0000116
6.4591298032	6.4852861172	0.992121907990697	0.0188274652816109	-0.0261563140000014	hsa_circ_0102241
6.3597493012	6.3823810972	0.992121907990697	0.0166095974336981	-0.0226317959999998	hsa_circ_0004912
6.8527319992	6.8378528392	0.994976657092291	0.0098625270409632	0.0148791599999996	hsa_circ_0003380
6.5861787752	6.5874621472	0.999378681386717	0.000896651864295975	-0.00128337199999873	hsa_circ_0042961
