Control Mean	Case Mean	FDR	P.Value	log2FC	name
-3.94607920369231	-2.41411232186	0.143996768243238	6.9733111996241	1.53196688183231	hsa-miR-24-2*
-3.89101488007692	-2.37691630246	0.125893842528968	7.41225240818171	1.51409857761693	hsa-miR-493*
-3.78842504288462	-2.37990524512	0.163971867836102	6.73779588861488	1.40851979776462	hsa-let-7f-2*
-1.9874574755	-0.59043852734	0.125893842528968	7.59974473989406	1.39701894816	hsa-miR-188-5p
-1.74119576892308	-0.34618375794	0.0454174518446896	11.280399827207	1.39501201098308	hsa-miR-555
-0.350665235153846	-1.73932864424	0.143996768243238	7.03833331471804	-1.38866340908615	hsa-miR-524-5p
0.302963213192308	-1.02878799598	0.125893842528968	7.48061892905947	-1.33175120917231	hsa-miR-1255b
-0.670333728076923	-1.97375892842	0.305275218779585	5.18879743359194	-1.30342520034308	hsa-miR-651
-2.14266216253846	-0.84939630368	0.0961731860649506	8.80930232693789	1.29326585885846	hsa-miR-485-3p
-1.600816892	-2.87118722398	0.274905024139948	5.47392622582638	-1.27037033198	hsa-miR-181b
-0.891256920769231	-2.0808975134	0.327640148108364	4.95434546708115	-1.18964059263077	hsa-miR-934
-1.96862132653846	-0.79328332252	0.254961781088306	5.72280187566601	1.17533800401846	hsa-miR-377
-2.58965692515385	-1.45227332372	0.405290528547667	4.5575028226127	1.13738360143385	hsa-miR-551a
-0.229615036153846	-1.34682534664	0.276765075574641	5.41597588507196	-1.11721031048615	hsa-miR-7-1*
-2.22273321888462	-1.163455036	0.405290528547667	4.39609267264925	1.05927818288462	hsa-miR-499-3p
-2.46347955476923	-1.4119524907	0.46348127756377	3.76327461480038	1.05152706406923	hsa-miR-496
0.938351807307692	-0.10202048	0.57962681972694	2.95299602653388	-1.04037228730769	hsa-miR-541*
-3.24159676446154	-2.2128028267	0.625204423835807	2.06456240067735	1.02879393776154	hsa-miR-22*
-1.26755345565385	-0.24489993538	0.22360196205381	5.98238023333871	1.02265352027385	hsa-miR-323-3p
-1.31569337607692	-2.33255484582	0.479020766829216	3.61136151328564	-1.01686146974308	hsa-miR-501-5p
-0.487735526923077	-1.50125845672	0.405290528547667	4.19498895335196	-1.01352292979692	hsa-miR-214
-2.79902479907692	-1.8063840962	0.479020766829216	3.64520458486508	0.992640702876924	hsa-miR-551b
3.95951175726923	4.93563351244	0.0771873040017807	9.8729121595447	0.976121755170768	hsa-miR-16
-1.37558136503846	-0.41092850986	0.274905024139948	5.47301439884534	0.964652855178462	hsa-miR-542-5p
-1.30262488169231	-0.34013588224	0.266826387447967	5.59159318952268	0.962488999452308	hsa-miR-487a
-3.00717002453846	-2.0453425401	0.537392672164659	3.21701394443931	0.961827484438463	hsa-miR-340
-1.6538599375	-2.61473324812	0.56694470438551	3.05362509536633	-0.96087331062	hsa-miR-10a
-2.60715957765385	-1.66830295568	0.578392652649056	2.99001848359888	0.938856621973847	hsa-miR-877*
-0.938032119730769	0	0.0885644599805226	9.36958427924981	0.938032119730769	hsa-miR-138
-1.15893668688462	-2.09461947326	0.537392672164659	3.25357543799437	-0.935682786375385	hsa-miR-95
-1.71857551265385	-2.65406640052	0.535823390104825	3.33612308647526	-0.935490887866154	hsa-miR-30a
-3.46123144273077	-2.53388460146	0.540879837180866	3.17559817283761	0.927346841270769	hsa-miR-130b*
-2.92337275703846	-1.9979598503	0.578392652649056	2.99901395244366	0.925412906738461	hsa-miR-885-3p
-1.81996105476923	-0.90333666266	0.46405874450574	3.74588137623755	0.916624392109231	hsa-miR-582-3p
-2.36053225673077	-3.25369475924	0.537392672164659	3.27943002148187	-0.893162502509231	hsa-miR-501-3p
-0.182203895576923	-1.07030633622	0.405290528547667	4.2731544480284	-0.888102440643077	hsa-miR-424*
-3.73397006807692	-2.84615606394	0.143996768243238	6.99344146962181	0.887814004136924	hsa-miR-93*
-0.699194528692308	-1.58288769414	0.537392672164659	3.25169945145232	-0.883693165447692	hsa-miR-454
-2.23052499607692	-1.3555091213	0.540879837180866	3.17194708239435	0.875015874776924	hsa-miR-340*
-1.25492395330769	-2.12366434778	0.57962681972694	2.96909583071845	-0.868740394472306	hsa-miR-744*
-3.45809019603846	-2.58985419858	0.589770193054424	2.88882031817299	0.868235997458463	hsa-miR-1249
-4.0437303635	-3.17780873442	0.405290528547667	4.54262261329511	0.86592162908	hsa-let-7b*
-0.219884266923077	-1.08359377256	0.411784090865697	4.13553144496062	-0.863709505636923	hsa-miR-132*
-3.76240344042308	-2.9222614811	0.45078858475466	3.91750571389593	0.840141959323079	hsa-miR-223*
1.42851452557692	2.26750763034	0.0885644599805226	9.35261975685282	0.838993104763076	hsa-miR-486-5p
-3.93594839703846	-3.09862931496	0.327619948149122	4.97996950823677	0.837319082078461	hsa-miR-328
-0.845393483115385	-1.67397176476	0.540879837180866	3.16922175159536	-0.828578281644615	hsa-miR-636
7.29628098803846	8.1159242325	0.0912151343447168	9.17257089402821	0.819643244461535	hsa-miR-451
0.451280988038462	1.26520423244	0.0135619290391365	14.8512631744694	0.813923244401539	hsa-let-7b
-0.278552445153846	-1.09169901624	0.504711052457744	3.46345023477366	-0.813146571086154	hsa-miR-100
-2.21511674253846	-1.40646686012	0.589770193054424	2.64968188828578	0.808649882418462	hsa-miR-615-3p
-1.82898201130769	-2.63657476626	0.589770193054424	2.71263453642142	-0.807592754952307	hsa-miR-500
-0.912105684692308	-0.10594181334	0.163971867836102	6.6622969820141	0.806163871352308	hsa-miR-544
-2.95375234819231	-2.14795882138	0.589770193054424	2.74040721010529	0.805793526812308	hsa-miR-1537
-3.51283753853846	-2.72244418598	0.500405166954924	3.5038256047152	0.790393352558463	hsa-miR-766
-3.11813427338462	-2.32877997298	0.594006949186065	2.31066616124056	0.789354300404616	hsa-miR-490-3p
-0.533170356769231	-1.29726661752	0.479020766829216	3.65079253601395	-0.764096260750769	hsa-miR-632
-3.35497212507692	-2.5923570601	0.589770193054424	2.8716822489749	0.762615064976924	hsa-miR-543
-3.28379744103846	-2.52237511074	0.589770193054424	2.42319864756469	0.761422330298462	hsa-miR-2110
-2.38498824273077	-1.62457197928	0.0454174518446896	10.8306740400877	0.760416263450769	hsa-miR-19a
-3.11256392369231	-2.3536693362	0.594006949186065	2.3109238047216	0.758894587492307	hsa-miR-885-5p
-0.928594453923077	-1.68600089416	0.589770193054424	2.90118241449998	-0.757406440236923	hsa-miR-296-5p
-3.31547668003846	-2.5593956442	0.543015797793451	3.15146286673985	0.756081035838461	hsa-miR-495
-2.85812288438462	-2.10216964654	0.594006949186065	2.34788190239182	0.755953237844615	hsa-miR-155
-2.03419876996154	-1.27849818802	0.594006949186065	2.3666653074574	0.755700581941539	hsa-miR-455-3p
0	-0.75301118042	0.405290528547667	4.28693239274268	-0.75301118042	hsa-miR-645
-3.19138758903846	-2.44352911388	0.589770193054424	2.41962206669647	0.747858475158462	hsa-miR-10b
-1.99756314296154	-1.26217812378	0.589770193054424	2.5319372752509	0.735385019181539	hsa-miR-29c*
-2.41131170269231	-3.14351502186	0.594006949186065	2.30840719947181	-0.732203319167693	hsa-miR-7
-1.37535132365385	-0.64382090916	0.537392672164659	3.30480884147564	0.731530414493846	hsa-miR-26a-1*
0	-0.72922325052	0.459786260732856	3.84587804954517	-0.72922325052	hsa-miR-361-5p
-3.38094301496154	-2.65603065932	0.618271982803383	2.14318554743032	0.724912355641539	hsa-miR-145*
-1.48026842561538	-2.20205258904	0.599055791259518	2.2301567353584	-0.721784163424615	hsa-miR-346
0.581405869230769	-0.13947878432	0.621983560529564	2.10758368131529	-0.720884653550769	hsa-miR-92b*
-0.9687270375	-0.25785067206	0.437137171124752	3.9789441499398	0.71087636544	hsa-miR-330-5p
-3.22232398646154	-2.51264545592	0.589770193054424	2.44108829538166	0.70967853054154	hsa-miR-190
-2.90583050192308	-2.20585178496	0.617937350571291	2.15078786591313	0.699978716963077	hsa-miR-182
-0.424567755038462	-1.12441742064	0.589770193054424	2.79002643411395	-0.699849665601538	hsa-miR-379
-1.93807551265385	-1.23924882018	0.595444088638449	2.27432989428165	0.698826692473846	hsa-miR-627
-2.56131872884615	-1.86298004156	0.613972519016202	2.16886570279781	0.698338687286154	hsa-miR-342-5p
-0.265180550423077	0.42796423244	0.125893842528968	7.49109815571476	0.693144782863077	hsa-miR-26a
-1.89540177257692	-1.20347198454	0.589770193054424	2.41700649750246	0.691929788036923	hsa-miR-410
-3.44510362734615	-2.75935787334	0.130108533319902	7.31227712482339	0.685745754006154	hsa-miR-29b
-3.41644196957692	-2.7323715752	0.594006949186065	2.3025259687167	0.684070394376926	hsa-miR-106b*
-1.58903036196154	-0.90716757006	0.589770193054424	2.45381477119268	0.681862791901539	hsa-miR-450a
0	-0.67715516118	0.405290528547667	4.21110208819779	-0.67715516118	hsa-miR-23a*
-3.34775579984615	-2.68089524578	0.589770193054424	2.65177645368152	0.666860554066154	hsa-miR-375
-4.00416650892308	-3.34333783124	0.423664718239409	4.05887263866558	0.660828677683078	hsa-let-7c
0.711665603423077	0.05172423244	0.0961731860649506	8.74828609178784	-0.659941370983077	hsa-miR-150
-2.55052670426923	-1.89583197928	0.0454174518446896	11.3965650253696	0.654694724989231	hsa-miR-17
-2.53962216334615	-1.89094959688	0.646375112781734	1.95157083717735	0.648672566466155	hsa-miR-625*
-0.592007889923077	-1.24023004652	0.589770193054424	2.41563276628704	-0.648222156596923	hsa-miR-193b*
-2.12605483688462	-1.47824313882	0.646375112781734	1.93995547334298	0.647811698064616	hsa-miR-454*
-1.88230290834615	-1.24030871652	0.657095462884649	1.88237784426374	0.641994191826155	hsa-miR-376b
-1.28991287215385	-1.92816479688	0.641089855701519	1.99864209007649	-0.638251924726153	hsa-miR-218
-3.380671035	-2.75031980232	0.585694013786688	2.92683267070444	0.630351232680002	hsa-miR-34a
-1.87491030838462	-1.24909633802	0.638761863475313	2.01028826074737	0.625813970364616	hsa-miR-338-5p
-2.18502632230769	-1.5597805622	0.674172872361554	1.81405928748716	0.625245760107692	hsa-miR-675*
5.50297329573077	4.88040423244	0.163971867836102	6.65661629873929	-0.622569063290771	hsa-miR-223
-1.8253118505	-1.2072441826	0.677760709416831	1.79605712301478	0.618067667900001	hsa-miR-15a*
-2.73305458196154	-2.11622380354	0.680468300184495	1.7728537053999	0.616830778421539	hsa-miR-29b-2*
-2.13914929376923	-2.75512114902	0.646739314336919	1.91742007160561	-0.615971855250769	hsa-miR-133b
-1.23332019034615	-0.62309138748	0.594006949186065	2.34802393035725	0.610228802866154	hsa-miR-520h
0.529143932884615	-0.07883912914	0.634354778334162	2.02670278246063	-0.607983062024616	hsa-miR-1184
-1.84889580442308	-2.45667881462	0.680468300184495	1.71726036040962	-0.607783010196923	hsa-miR-92b
-0.798829507961538	-0.19274457006	0.46348127756377	3.7718149509082	0.606084937901539	hsa-miR-641
0.432437036346154	-0.16743732868	0.658329771162964	1.86284483448788	-0.599874365026154	hsa-miR-129*
-2.54858099142308	-3.1440202069	0.652888571862558	1.8976930807658	-0.595439215476921	hsa-miR-205
-2.93717811146154	-2.3449760426	0.680468300184495	1.60675050230503	0.592202068861539	hsa-miR-1471
-3.04518708061538	-2.45417851958	0.710988188917732	1.49717999137283	0.591008561035386	hsa-miR-564
-2.51364070473077	-1.93213576756	0.125893842528968	7.53093607471554	0.581504937170769	hsa-miR-125b
-0.582098980076923	-1.15882405118	0.625204423835807	2.07669715700533	-0.576725071103077	hsa-miR-183
-2.7016219055	-3.27830818806	0.560889647847098	3.09276743967712	-0.576686282559999	hsa-miR-28-5p
-2.18974218803846	-2.76622181054	0.694169168273046	1.53915341733423	-0.576479622501539	hsa-miR-941
-3.4702460845	-2.89419214136	0.417723072471586	4.09695079862666	0.57605394314	hsa-miR-301a
2.66739637265385	3.24290423244	0.0454174518446896	10.8611445903507	0.575507859786154	hsa-miR-92a
-0.732651789115385	-0.1594096376	0.411784090865697	4.1413959449066	0.573242151515385	hsa-miR-525-3p
-1.89630031376923	-2.4668898647	0.680468300184495	1.61701335943904	-0.570589550930769	hsa-miR-141
0	-0.56956973218	0.536483492806178	3.32092634969041	-0.56956973218	hsa-miR-548a-5p
-3.835783104	-3.27353636394	0.621833218182171	2.11462709612468	0.562246740060001	hsa-let-7e
-3.51108422784615	-2.94985275564	0.686188043564526	1.58132772899336	0.561231472206153	hsa-let-7a*
-1.87057358115385	-2.43106759868	0.680468300184495	1.71464215941537	-0.560494017526153	hsa-miR-154
0.356896372653846	0.91418423244	0.125893842528968	7.563178996338	0.557287859786153	hsa-miR-25
-1.93668631326923	-1.38343828656	0.680468300184495	1.70235279833947	0.553248026709231	hsa-miR-671-5p
-3.10863245765385	-2.55683989402	0.646739314336919	1.92289689823645	0.551792563633847	hsa-miR-132
-0.696234680384615	-0.147169508	0.405290528547667	4.24883393218214	0.549065172384615	hsa-miR-1911
-1.83566901396154	-1.28733013374	0.680468300184495	1.61406650977253	0.548338880221539	hsa-miR-329
-0.541115002346154	0	0.2156751335592	6.10508556463165	0.541115002346154	hsa-miR-943
-2.62638504184615	-3.16492768514	0.680468300184495	1.61001783943357	-0.538542643293844	hsa-miR-624*
-3.90903791957692	-3.37370678664	0.479020766829216	3.59845356481021	0.535331132936924	hsa-miR-195
1.10551175726923	1.63978423244	0.0135619290391365	14.3817133267779	0.534272475170769	hsa-miR-320a
0.321424751653846	-0.21264294708	0.500405166954924	3.51774980672443	-0.534067698733846	hsa-miR-587
-2.8000427035	-2.26678565414	0.694169168273046	1.53961416663433	0.533257049360002	hsa-miR-421
-0.228297014615385	-0.76002577726	0.680468300184495	1.66509029261143	-0.531728762644615	hsa-miR-196b*
-1.87879036676923	-2.40802800928	0.710988188917732	1.4945963566794	-0.529237642510769	hsa-miR-628-3p
-3.62283439657692	-3.10102484412	0.405290528547667	4.23591747089195	0.521809552456923	hsa-miR-335
-3.81395298103846	-3.29314577678	0.57962681972694	2.95943407239944	0.520807204258462	hsa-miR-194
-3.05710362734615	-2.53737360184	0.33021405999917	4.91796508848746	0.519730025506154	hsa-miR-363
-1.36158898057692	-0.84217576756	0.125893842528968	7.8272276934247	0.519413213016923	hsa-miR-26b
-0.163221136923077	-0.68234993356	0.589770193054424	2.68215535321825	-0.519128796636923	hsa-miR-616
-0.817583486769231	-1.33163745708	0.680468300184495	1.60816019811265	-0.514053970310769	hsa-miR-589*
-3.32785468346154	-2.815325877	0.308446958812109	5.14640475648432	0.51252880646154	hsa-miR-15b*
-0.407323573615385	0.10461418666	0.405290528547667	4.47332400382119	0.511937760275385	hsa-miR-603
1.95851175726923	2.46959383406	0.459786260732856	3.8600879633203	0.511082076790768	hsa-miR-144
0.430165603423077	0.93920423244	0.240208525636798	5.8427428530774	0.509038629016923	hsa-miR-185
-3.27562925780769	-2.77117507062	0.658329771162964	1.8616739544338	0.504454187187692	hsa-miR-376c
-1.41196200161538	-1.91508928818	0.723475721941428	1.43983188434087	-0.503127286564615	hsa-miR-200c
-3.30218429288462	-2.8008237282	0.589770193054424	2.56706076325574	0.501360564684616	hsa-miR-605
-3.46244978119231	-2.96126031724	0.405290528547667	4.48659356807756	0.50118946395231	hsa-miR-99b
-1.92983439657692	-1.43051576756	0.0454174518446896	11.8356282705109	0.499318629016924	hsa-miR-18b
0	-0.4991903704	0.537392672164659	3.21538998871612	-0.4991903704	hsa-miR-411*
-1.34106870765385	-0.84542688316	0.680468300184495	1.63371963594427	0.495641824493846	hsa-miR-330-3p
-3.69751194173077	-3.20556130186	0.646375112781734	1.95442565280582	0.49195063987077	hsa-miR-30e*
-0.184412524730769	-0.67587676386	0.59892970543208	2.2572780124583	-0.491464239129231	hsa-miR-550
-0.926540740423077	-0.4373042202	0.619838628744981	2.13231518853834	0.489236520223077	hsa-miR-411
-2.81118865	-2.322975044	0.748337090470768	1.34773183701762	0.488213606000001	hsa-miR-134
-3.18394978119231	-2.69671197928	0.294431903250369	5.29755743961663	0.487237801912306	hsa-miR-99a
-2.12800154984615	-1.64089485086	0.178907617132395	6.45067945467509	0.487106698986155	hsa-miR-423-5p
-1.5214497815	-1.03494637486	0.680468300184495	1.60353666100891	0.48650340664	hsa-miR-331-5p
-2.02094089726923	-1.53591349902	0.770712530915565	1.26512744390892	0.485027398249231	hsa-miR-98
0	-0.48425633638	0.589770193054424	2.80376708944676	-0.48425633638	hsa-let-7c*
-0.709366884576923	-1.19350029692	0.72012246784281	1.45634849867058	-0.484133412343077	hsa-miR-20b*
-3.63978593019231	-3.16001474968	0.589770193054424	2.86811680637095	0.479771180512309	hsa-miR-374a
-2.98459982830769	-2.50593685784	0.680468300184495	1.61839919167344	0.478662970467693	hsa-miR-17*
-2.84671053330769	-2.36856808928	0.726415674156026	1.41455062611684	0.478142444027693	hsa-miR-136
-1.37512090288462	-1.8531181768	0.770712530915565	1.2435270239257	-0.477997273915385	hsa-miRPlus-D1033
-0.571924020884615	-0.09882048	0.479020766829216	3.65907220017947	0.473103540884615	hsa-miR-10a*
-1.23093588957692	-0.76028500868	0.680468300184495	1.74388549906621	0.470650880896923	hsa-miR-143*
-0.975135525576923	-1.43966488496	0.754117439201805	1.33189298759458	-0.464529359383077	hsa-miR-99b*
-2.92898893211538	-2.46525601964	0.770712530915565	1.08905895131168	0.463732912475386	hsa-miR-337-3p
1.31515229630769	1.77475470966	0.125893842528968	7.53847684384024	0.459602413352307	hsa-miR-320b
0	-0.45768578838	0.589770193054424	2.73837504657445	-0.45768578838	hsa-miR-412
-1.10538623115385	-1.56298787668	0.770712530915565	1.20572945997642	-0.457601645526154	hsa-miR-576-5p
-0.639366643230769	-1.09626625428	0.680468300184495	1.68933869083177	-0.456899611049231	hsa-miR-450b-3p
-3.04329593503846	-2.58641848964	0.22360196205381	5.98086278071748	0.456877445398462	hsa-miR-151-3p
0	-0.45566118114	0.589770193054424	2.77287510444516	-0.45566118114	hsa-miR-499-5p
-2.96470076003846	-2.51128157778	0.686188043564526	1.58119229250186	0.453419182258463	hsa-miR-409-3p
-2.35671901196154	-1.90477576756	0.274905024139948	5.45545185849645	0.451943244401538	hsa-miR-32
-3.13440361996154	-2.68310187888	0.755509711316943	1.32450949028193	0.45130174108154	hsa-miR-1
-2.50966237576923	-2.05954529034	0.46348127756377	3.77240516219327	0.450117085429232	hsa-miR-16-2*
-0.761590781192308	-0.31483163024	0.613972519016202	2.17927814690344	0.446759150952308	hsa-miR-614
-1.59320006526923	-1.14816098844	0.770712530915565	1.26753117876339	0.445039076829231	hsa-miR-877
-1.39845464930769	-0.95681241284	0.770712530915565	1.24594424048731	0.441642236467693	hsa-miR-153
2.63697329573077	3.07760423244	0.0956586425362613	8.9784179084355	0.44063093670923	hsa-miR-20a
-0.1896817555	-0.6294783448	0.625204423835807	2.06360212395939	-0.4397965893	hsa-miR-185*
-2.78417943773077	-2.34447350534	0.770712530915565	1.15990147406546	0.439705932390769	hsa-miR-30a*
-1.30469021688462	-0.8660783657	0.738919534761468	1.37552562406649	0.438611851184616	hsa-miR-125b-2*
-1.40339212303846	-0.96594941212	0.770712530915565	1.20626981297805	0.437442710918462	hsa-miR-192*
-0.618680550423077	-1.05261576756	0.125893842528968	7.54692187346166	-0.433935217136923	hsa-miR-342-3p
-1.43022501426923	-0.99845131192	0.758014496813159	1.31502734771103	0.431773702349232	hsa-miR-1539
-2.01179102992308	-1.58143260844	0.770712530915565	1.06111697021773	0.430358421483078	hsa-miR-483-3p
-1.22555724238462	-1.65251144954	0.770712530915565	1.15052198908681	-0.426954207155384	hsa-miR-511
0	-0.4264940348	0.537392672164659	3.23233564451483	-0.4264940348	hsa-miR-200a*
0.0800117572692308	-0.34351576756	0.680468300184495	1.76549773624579	-0.423527524829231	hsa-let-7d*
-0.423051690346154	0	0.405290528547667	4.34572247680665	0.423051690346154	hsa-miR-767-5p
-1.28668055042308	-1.70777576756	0.405290528547667	4.41183730025313	-0.421095217136922	hsa-miR-29a
-0.419488029846154	0	0.405290528547667	4.2569359593039	0.419488029846154	hsa-miR-18b*
-1.1471066625	-1.56648667444	0.770712530915565	1.11824829212426	-0.41938001194	hsa-miR-24-1*
-1.71041131965385	-1.29113197928	0.106946641827601	8.49556585532362	0.419279340373847	hsa-miR-186
-2.78642339803846	-2.36754484994	0.770712530915565	1.21390846769263	0.418878548098462	hsa-miR-376a
-2.85045100634615	-2.4323283763	0.770712530915565	1.04733398998936	0.418122630046155	hsa-let-7i*
-1.75199916780769	-1.33548657704	0.770712530915565	1.23708959183754	0.416512590767693	hsa-let-7g*
-0.548122296769231	-0.96452506828	0.734573228921235	1.39362262350466	-0.416402771510769	hsa-miR-520d-3p
0	-0.41604720686	0.594006949186065	2.28501163413369	-0.41604720686	hsa-miR-525-5p
-3.13097948711538	-3.54495571272	0.770712530915565	1.25346337609602	-0.413976225604612	hsa-miR-486-3p
-0.413836173076923	0	0.405290528547667	4.30763593400193	0.413836173076923	hsa-miR-30c-1*
-2.15059926661538	-2.56292163114	0.770712530915565	1.04416335245456	-0.412322364524615	hsa-miR-1908
-1.06605329746154	-1.47809736054	0.770712530915565	1.09245801946691	-0.412044063078461	hsa-miR-579
-3.31783301242308	-2.90920953538	0.535823390104825	3.34355182450985	0.408623477043077	hsa-miR-532-5p
1.67805021880769	2.08576423244	0.169027472260328	6.57216488272167	0.407714013632307	hsa-miR-93
-3.80853985107692	-3.40159442276	0.589770193054424	2.666715241208	0.406945428316924	hsa-miR-660
-0.910470406230769	-0.50510035386	0.680468300184495	1.7334702134875	0.40537005237077	hsa-miR-409-5p
-1.48138217607692	-1.07628865892	0.770712530915565	1.1090725507812	0.405093517156923	hsa-miR-191*
-0.603015532807692	-0.20185618932	0.594006949186065	2.33932006189865	0.401159343487692	hsa-miR-601
-2.57622771680769	-2.17531955364	0.770712530915565	1.13133021718097	0.400908163167693	hsa-miR-382
-2.7947574735	-2.39623576756	0.125893842528968	7.46036408305468	0.39852170594	hsa-miR-324-3p
-2.67971901196154	-2.28637197928	0.323262340009029	5.02528247575097	0.393347032681539	hsa-miR-378
-0.716834396576923	-0.32545576756	0.106967180701427	8.40217941103676	0.391378629016923	hsa-let-7i
-1.41474588596154	-1.80498586226	0.770712530915565	1.11472505488617	-0.390239976298461	hsa-miR-1183
2.79243483419231	3.18170423244	0.296594505765833	5.25843041791972	0.389269398247693	hsa-miR-15a
-0.382850098807692	0	0.405290528547667	4.29763014972528	0.382850098807692	hsa-miR-634
-0.840845423076923	-0.4590415319	0.686968648912257	1.56935625288877	0.381803891176923	hsa-miRPlus-A1027
-0.464822562	-0.08428981334	0.504484392993941	3.47803746767696	0.38053274866	hsa-miR-647
-3.02685911219231	-2.65036163126	0.770712530915565	0.994491615634514	0.376497480932308	hsa-miR-550*
-2.17531302896154	-1.80176283116	0.770712530915565	0.965501348358857	0.37355019780154	hsa-miR-940
-0.37172558	0	0.405290528547667	4.21805861927544	0.37172558	hsa-miR-509-3p
-0.367449781192308	0.00370423244	0.125893842528968	7.73320432099282	0.371154013632308	hsa-miR-484
-1.38183528592308	-1.01197979466	0.770712530915565	1.01627758004083	0.369855491263077	hsa-miR-487b
-1.34735167211538	-0.97749700564	0.770712530915565	1.05112193902028	0.369854666475385	hsa-miR-379*
-3.14341524053846	-2.77471197928	0.479020766829216	3.59540324110266	0.368703261258464	hsa-miR-106b
-1.67640901596154	-1.3098070864	0.770712530915565	0.960367736321911	0.366601929561539	hsa-miR-1296
-0.366482724807692	0	0.405290528547667	4.19731002669331	0.366482724807692	hsa-miR-1270
-3.4869099355	-3.12435576756	0.46348127756377	3.80532797069541	0.362554167940001	hsa-miR-30e
-2.86074363192308	-2.49942704444	0.791192432792628	0.907988691342347	0.361316587483077	hsa-miR-744
0	-0.35684526272	0.59892970543208	2.24884133591412	-0.35684526272	hsa-miR-9
0.207611284653846	0.56444423244	0.256041340687784	5.68353924624034	0.356832947786154	hsa-miR-126*
-3.30038046830769	-2.94490386188	0.770712530915565	1.11203414662665	0.355476606427692	hsa-miR-339-5p
0	-0.354279457	0.589770193054424	2.49112368503676	-0.354279457	hsa-miR-572
-0.463329691384615	-0.11177781334	0.59892970543208	2.23748084517447	0.351551878044615	hsa-miR-381
-1.37791599569231	-1.7289722606	0.805068870140475	0.857240230940971	-0.351056264907692	hsa-miR-122*
1.27862714188462	1.62952423244	0.578392652649056	3.00790456419991	0.350897090555384	hsa-miR-101
-2.9572629785	-2.60641803178	0.770712530915565	0.977558260244266	0.350844946720001	hsa-miR-33a
0.990496621076923	0.64103278026	0.426818441764083	4.03068568875348	-0.349463840816923	hsa-miR-720
-0.442355403846154	-0.79032905626	0.770712530915565	1.18283330323285	-0.347973652413846	hsa-miR-610
-2.56700904711538	-2.22864912566	0.811737322261391	0.834478495470336	0.338359921455385	hsa-miR-654-3p
0	-0.33670272448	0.61249791361545	2.19115574558332	-0.33670272448	hsa-miR-646
-0.450410443653846	-0.11384528	0.613972519016202	2.16692803219859	0.336565163653846	hsa-miR-1201
-2.79656516580769	-2.46083576756	0.52746943079913	3.38601462956587	0.335729398247693	hsa-let-7a
-1.02225387734615	-0.68712597396	0.770712530915565	1.10295877299652	0.335127903386154	hsa-miR-758
-0.498605553461538	-0.1639871308	0.646375112781734	1.94340708173229	0.334618422661539	hsa-miR-30b*
2.56958868034615	2.90324423244	0.143996768243238	7.04518739675342	0.333655552093846	hsa-miR-21
-0.1907138425	-0.52341938736	0.686968648912257	1.56955842923247	-0.33270554486	hsa-miR-937
-2.10264338173077	-2.43277842574	0.828958583937228	0.768334416711769	-0.33013504400923	hsa-miR-1913
-3.2339099355	-2.90736953538	0.589770193054424	2.48781901758141	0.32654040012	hsa-miR-210
-1.51598691680769	-1.19001530612	0.770712530915565	0.956965028989149	0.325971610687693	hsa-miR-1538
-0.619544603384615	-0.29530885334	0.680468300184495	1.66462005747379	0.324235750044616	hsa-miR-886-3p
-2.07980772396154	-2.40385411682	0.797594162201764	0.880469135541466	-0.324046392858461	hsa-miR-18a*
0.0134732957307692	0.33742802072	0.201558619123739	6.24022064186942	0.323954724989231	hsa-miR-107
-2.33375740623077	-2.01279618688	0.820444188521707	0.807078711330953	0.32096121935077	hsa-miR-769-5p
-0.771596086230769	-1.0890628547	0.770712530915565	1.02726935540826	-0.31746676846923	hsa-miR-1181
-2.65798824273077	-2.3412409607	0.725698702733284	1.42080842135013	0.316747282030771	hsa-miR-199a-5p
-1.69638911523077	-1.38038217898	0.820444188521707	0.804730953718642	0.316006936250769	hsa-miR-200a
1.77739637265385	2.09144423244	0.459786260732856	3.83895265794555	0.314047859786154	hsa-miR-106a
-1.68780190353846	-1.37660705334	0.824076162191508	0.786923529353105	0.311194850198462	hsa-miR-181c*
-1.53337147396154	-1.22341576756	0.589770193054424	2.55742375834052	0.309955706401539	hsa-miR-143
-3.08264070473077	-2.77348291862	0.589770193054424	2.80539940551958	0.309157786110769	hsa-miR-331-3p
-1.68821901196154	-1.37939576756	0.479020766829216	3.62105207844135	0.308823244401539	hsa-miR-145
-0.165977768230769	-0.4720339226	0.725698702733284	1.42547092634305	-0.306056154369231	hsa-miR-362-3p
-0.456988242730769	-0.15401576756	0.370172189913292	4.72850807021133	0.30297247517077	hsa-miR-27b
-3.69687028392308	-3.39414375664	0.680468300184495	1.62509301844548	0.302726527283077	hsa-miR-532-3p
-1.63252670426923	-1.93419576756	0.589770193054424	2.67987131799308	-0.301669063290769	hsa-miR-199a-3p
-3.27993202265385	-2.97838147286	0.786003971966699	0.921184684920291	0.301550549793845	hsa-miR-502-3p
-0.196929359769231	-0.49656968362	0.718851483456103	1.46382933700878	-0.299640323850769	hsa-miR-194*
-3.36167916626923	-3.0623479239	0.722226828300251	1.44722327548445	0.29933124236923	hsa-miR-365
0.298618733961538	0	0.770712530915565	1.17646818965125	-0.298618733961538	hsa-miR-1265
-1.88442688665385	-2.18240157542	0.857738492346258	0.661202816907273	-0.297974688766154	hsa-miR-505*
-0.356016544423077	-0.65374151604	0.770712530915565	1.24109835791	-0.297724971616923	hsa-miR-365*
-1.56906684084615	-1.8651880105	0.833008684790355	0.747529138443521	-0.296121169653846	hsa-miR-214*
0.316127141884615	0.61182423244	0.405290528547667	4.44992393239057	0.295697090555385	hsa-let-7g
-1.74680357146154	-2.04109584792	0.857738492346258	0.657816350120317	-0.294292276458461	hsa-miR-663
-0.751322512769231	-1.04451987534	0.806470368721001	0.851101485380546	-0.293197362570769	hsa-miR-96
-1.91314208888462	-2.20615197928	0.594006949186065	2.28735756899588	-0.293009890395383	hsa-miR-142-5p
-0.393018533846154	-0.10392048	0.625204423835807	2.06060377989813	0.289098053846154	hsa-miR-146a*
-3.04555693811538	-3.33409234326	0.664733778208939	1.84175846348058	-0.288535405144616	hsa-miR-28-3p
-3.16555415042308	-2.87910888972	0.797594162201764	0.87830788604656	0.286445260703079	hsa-miR-629
-2.84552532011538	-2.56107470136	0.594006949186065	2.39346449901816	0.284450618755386	hsa-miR-18a
-0.504722985384615	-0.78666892454	0.770712530915565	1.00823941662079	-0.281945939155384	hsa-miR-137
-2.02336535838462	-2.303989358	0.857738492346258	0.659715787793264	-0.280623999615384	hsa-miR-196b
-1.27068257396154	-0.99191067748	0.830275799549806	0.755759013492175	0.278771896481539	hsa-miR-558
3.27078098803846	3.54888150392	0.646375112781734	1.97299714101495	0.278100515881537	hsa-miR-19b
-2.78712559480769	-2.50937799018	0.857738492346258	0.667037830612446	0.277747604627693	hsa-miR-582-5p
-2.53984326461538	-2.81694406058	0.862840110970396	0.625382797314606	-0.277100795964615	hsa-miR-29a*
-1.19646042546154	-0.91956206222	0.819862408424344	0.812914128722522	0.276898363241539	hsa-miR-19b-1*
0	-0.27673187018	0.59892970543208	2.23841204058437	-0.27673187018	hsa-miR-1244
-0.550398158807692	-0.82707218812	0.770712530915565	0.980757835236563	-0.276674029312308	hsa-miR-562
-1.01431987565385	-0.73894584162	0.811737322261391	0.836170188103072	0.275374034033846	hsa-miR-181a-2*
-0.275274850461538	0	0.589770193054424	2.54568356891341	0.275274850461539	hsa-miR-566
-0.392749452653846	-0.66723266664	0.770712530915565	0.984972202103264	-0.274483213986154	hsa-miR-187
-0.820150098961538	-1.09355377672	0.824076162191508	0.780612920610988	-0.273403677758461	hsa-miR-570
-1.3087574735	-1.03561576756	0.309841776912579	5.11292845049419	0.27314170594	hsa-miR-30c
-0.267513983615385	0	0.589770193054424	2.54042429994763	0.267513983615385	hsa-miR-449a
-1.52214540488462	-1.78503033856	0.857738492346258	0.658088488908369	-0.262884933675384	hsa-miR-1247
0	-0.26209531948	0.680468300184495	1.69900861249986	-0.26209531948	hsa-miR-600
-0.725195836653846	-0.98690078766	0.86600474863701	0.592092041088582	-0.261704951006154	hsa-miR-671-3p
-1.09185042211538	-0.83034666914	0.850081206341491	0.700940533938489	0.261503752975385	hsa-miR-299-5p
-0.447865350807692	-0.18667732868	0.725698702733284	1.42835297372772	0.261188022127692	hsa-miR-520f
-2.86025370830769	-2.6024004055	0.862840110970396	0.626077062337782	0.257853302807693	hsa-miR-29b-1*
0	-0.25613531948	0.680468300184495	1.69732107853909	-0.25613531948	hsa-miR-513a-3p
-1.774857258	-1.51980737404	0.857738492346258	0.671040889226939	0.25504988396	hsa-miR-300
-0.612985028846154	-0.35828733596	0.770712530915565	1.01180444227737	0.254697692886154	hsa-miR-663b
-1.85587715192308	-2.10928500068	0.86600474863701	0.576036890484397	-0.253407848756922	hsa-miR-942
1.84058868034615	1.58722423244	0.537392672164659	3.23471707368443	-0.253364447906153	hsa-miR-23a
0	-0.25135958614	0.680468300184495	1.69587962284986	-0.25135958614	hsa-miR-548d-5p
-0.251288776192308	0	0.589770193054424	2.52792547230674	0.251288776192308	hsa-miR-218-1*
-1.96614934984615	-2.21654975918	0.86600474863701	0.546809850747023	-0.250400409333847	hsa-miR-628-5p
-0.230738784692308	-0.4771250202	0.770712530915565	1.01279196124903	-0.246386235507692	hsa-miR-337-5p
-0.763349401884615	-1.00906525024	0.830275799549806	0.756173659213742	-0.245715848355384	hsa-miR-1238
-0.281167829769231	-0.03575175424	0.634354778334162	2.03298369472093	0.245416075529231	hsa-miR-302c
-0.326558321653846	-0.0836698188	0.625204423835807	2.09241851887352	0.242888502853846	hsa-miR-518d-5p
-1.70564038361538	-1.94768144862	0.86600474863701	0.524097654343063	-0.242041065004616	hsa-miR-545
-1.42798824273077	-1.66885576756	0.56694470438551	3.06476424544397	-0.24086752482923	hsa-miR-423-3p
-0.3342924065	-0.09433809466	0.657991472420894	1.87438815053523	0.23995431184	hsa-miR-567
-1.65452837253846	-1.89364718984	0.86600474863701	0.54525102411953	-0.239118817301538	hsa-miR-199b-5p
-2.14928030115385	-2.38784756056	0.86600474863701	0.524242064359952	-0.238567259406154	hsa-let-7f-1*
-3.83662075292308	-3.59810857218	0.770712530915565	0.974880569463221	0.238512180743078	hsa-miR-505
-1.52809336603846	-1.29011590394	0.86600474863701	0.608060957638692	0.237977462098462	hsa-miR-221*
-2.52101602692308	-2.28417284074	0.86600474863701	0.523095047081631	0.236843186183077	hsa-miR-1260
0.144011757269231	0.37836423244	0.770712530915565	1.01650158944947	0.234352475170769	hsa-miR-122
-1.31294782592308	-1.54695060732	0.86600474863701	0.572447571088773	-0.234002781396923	hsa-miR-629*
-0.233384266923077	0	0.589770193054424	2.51124498275798	0.233384266923077	hsa-miR-1271
-0.9924034725	-0.75922154132	0.848332025325786	0.717593900270804	0.23318193118	hsa-miR-369-5p
-0.419411319653846	-0.65161197928	0.646375112781734	1.93661126185816	-0.232200659626154	hsa-miR-221
-1.76966760284615	-1.53950517828	0.86600474863701	0.554148594579041	0.230162424566154	hsa-miR-1468
-1.14126616215385	-1.37100250336	0.86600474863701	0.55475552012797	-0.229736341206154	hsa-miR-25*
-0.353449781192308	-0.12391576756	0.589770193054424	2.49452752268403	0.229534013632308	hsa-miR-140-3p
-0.424659780538462	-0.65100720904	0.824076162191508	0.788182380330946	-0.226347428501538	hsa-miR-643
-0.499282774230769	-0.7254547647	0.824076162191508	0.782124746537708	-0.226171990469231	hsa-miR-105*
0	-0.22440329632	0.680468300184495	1.68633523148106	-0.22440329632	hsa-miR-302a
-1.81352670426923	-2.03699576756	0.646375112781734	1.9763617261509	-0.223469063290769	hsa-miR-197
-0.422295722153846	-0.199619908	0.770712530915565	1.15530123269089	0.222675814153846	hsa-miR-515-5p
-1.34508992780769	-1.56753287556	0.86600474863701	0.528674721594662	-0.222442947752307	hsa-miR-491-5p
-1.81312052057692	-1.59453777688	0.86600474863701	0.508854569622694	0.218582743696923	hsa-miR-188-3p
-2.53958116503846	-2.32146463334	0.862840110970396	0.630466583926158	0.218116531698463	hsa-miR-20b
0	-0.21780294708	0.680468300184495	1.68312447550695	-0.21780294708	hsa-miR-891b
-0.486387383692308	-0.70355813904	0.850081206341491	0.703393356313579	-0.217170755347692	hsa-miR-99a*
-0.225854169307692	-0.44237551282	0.781159232072276	0.933818132327407	-0.216521343512308	hsa-miR-429
-0.215583869038462	0	0.589770193054424	2.49076589551668	0.215583869038462	hsa-miR-504
-2.55765664611538	-2.3421973626	0.867583505165339	0.490561305465971	0.215459283515385	hsa-miR-345
-2.81215537773077	-3.02754711638	0.86600474863701	0.525389880647694	-0.215391738649231	hsa-miR-146b-5p
-1.59932944034615	-1.38543747088	0.86600474863701	0.503706128511624	0.213891969466154	hsa-miR-378*
-0.213336521538462	0	0.589770193054424	2.48784502735007	0.213336521538462	hsa-miR-1182
-1.36093522653846	-1.14760536146	0.86600474863701	0.5467858058407	0.213329865078462	hsa-miR-34a*
-3.18887285811538	-2.97708159952	0.680468300184495	1.66366906314094	0.211791258595385	hsa-miR-215
-1.30080478196154	-1.51256655118	0.86600474863701	0.520475340556957	-0.211761769218461	hsa-miR-503
-0.211567697153846	0	0.589770193054424	2.485486763502	0.211567697153846	hsa-miR-520d-5p
-0.210583612269231	0	0.589770193054424	2.4841514884902	0.210583612269231	hsa-miR-765
0	-0.20956557744	0.680468300184495	1.66930886540719	-0.20956557744	hsa-miR-129-3p
-0.207175380961538	0	0.589770193054424	2.47939398146064	0.207175380961539	hsa-miR-380*
-0.206944611730769	0	0.589770193054424	2.47906419931912	0.206944611730769	hsa-miR-653
-0.206913444615385	0	0.589770193054424	2.47901958381986	0.206913444615385	hsa-miR-449b*
-2.41686752142308	-2.21004302812	0.86600474863701	0.509484474849435	0.206824493303077	hsa-miR-598
-0.206038113076923	0	0.589770193054424	2.47775912392896	0.206038113076923	hsa-miR-450b-5p
1.73408868034615	1.52864802072	0.646375112781734	1.95083207643004	-0.205440659626154	hsa-miR-142-3p
-1.32236095592308	-1.11708089542	0.86600474863701	0.504977595934066	0.205280060503077	hsa-miR-30d*
-3.50671901196154	-3.3015643216	0.717085805513096	1.47232652978369	0.205154690361539	hsa-miR-425*
-0.595787416153846	-0.39078592	0.812861290378536	0.828880019873251	0.205001496153846	hsa-miR-1236
0	-0.20468101586	0.680468300184495	1.6769510355914	-0.20468101586	hsa-miR-888
-0.204191039346154	0	0.589770193054424	2.47505155687694	0.204191039346154	hsa-miR-873
-1.34291135380769	-1.1388245558	0.86600474863701	0.534044798808035	0.204086798007693	hsa-miR-571
-0.844975396576923	-1.04896116656	0.86600474863701	0.515587410566823	-0.203985769983077	hsa-miR-889
-0.203790102461538	0	0.589770193054424	2.47445511278324	0.203790102461539	hsa-miR-148b*
0	-0.20055776	0.680468300184495	1.6628198259042	-0.20055776	hsa-miR-602
-2.59679593503846	-2.39659576756	0.674172872361554	1.8095911171257	0.200200167478462	hsa-miR-125a-5p
-0.199421402192308	0	0.589770193054424	2.4677466869505	0.199421402192308	hsa-miR-541
-0.197250314653846	0	0.589770193054424	2.46426432481749	0.197250314653846	hsa-miR-630
-2.43787147396154	-2.24127197928	0.625204423835807	2.07058570882127	0.196599494681538	hsa-miR-590-5p
-2.57131513419231	-2.76773571592	0.884529058478795	0.434668715979547	-0.196420581727693	hsa-miR-622
-0.272005619692308	-0.07833248	0.74671855023416	1.35560907800141	0.193673139692308	hsa-miR-519e*
-1.41497785888462	-1.60829497674	0.884529058478795	0.434648535222491	-0.193317117855385	hsa-miR-502-5p
-0.192634266923077	-0.38559432174	0.770712530915565	0.963031708604606	-0.192960054816923	hsa-miR-609
-0.192111057346154	0	0.589770193054424	2.45560058390375	0.192111057346154	hsa-miR-1258
-1.84676312057692	-1.65589362542	0.884529058478795	0.444009843652219	0.190869495156923	hsa-miR-200b
-2.57667916626923	-2.38698953538	0.738481193115872	1.38116677574153	0.189689630889231	hsa-miR-130a
0.0337425265	0.21904423244	0.589770193054424	2.55302134154182	0.18530170594	hsa-miR-15b
-0.185111057346154	0	0.589770193054424	2.4427645937206	0.185111057346154	hsa-miR-519b-3p
-0.184965575153846	0	0.589770193054424	2.44248419830356	0.184965575153846	hsa-miR-302b
-0.687739563615385	-0.87219930134	0.86600474863701	0.526724385540623	-0.184459737724615	hsa-miR-493
-0.184203895576923	0	0.589770193054424	2.44100668012884	0.184203895576923	hsa-miR-453
-0.184153497692308	0	0.589770193054424	2.44090835191851	0.184153497692308	hsa-miR-125b-1*
-2.99663797519231	-3.18013126496	0.882308870330135	0.45719703568023	-0.183493289767692	hsa-miR-20a*
0.263357911115385	0.44670423244	0.680468300184495	1.65749521869385	0.183346321324615	hsa-miR-27a
-0.907546003	-1.09070576508	0.867583505165339	0.494027326906849	-0.18315976208	hsa-miR-639
-0.931834464538462	-0.7494087988	0.86600474863701	0.527379545896252	0.182425665738462	hsa-miR-888*
0	-0.18138122668	0.680468300184495	1.64904776415939	-0.18138122668	hsa-miR-510
-0.180362383615385	0	0.589770193054424	2.43330471641674	0.180362383615385	hsa-miRPlus-C1076
0	-0.17890629334	0.680468300184495	1.65985685392978	-0.17890629334	hsa-miR-147b
-0.177939306692308	0	0.589770193054424	2.42822240225049	0.177939306692308	hsa-miR-490-5p
-0.177276176730769	0	0.589770193054424	2.42679996619953	0.177276176730769	hsa-miR-296-3p
-0.619862349846154	-0.79596604576	0.86600474863701	0.53857966857108	-0.176103695913847	hsa-miR-220b
-1.99502981461538	-1.8197818355	0.891230809675183	0.398104689272613	0.175247979115385	hsa-miR-373*
-1.94707847292308	-1.77276529034	0.680468300184495	1.65019146672594	0.174313182583078	hsa-miR-144*
-2.56399212042308	-2.73789061324	0.890168051914938	0.411579254454991	-0.173898492816923	hsa-miR-577
-0.561210385923077	-0.734791368	0.86600474863701	0.552692356073536	-0.173580982076923	hsa-miR-431
0	-0.17295955856	0.680468300184495	1.65443428614337	-0.17295955856	hsa-miR-518e*
-0.228115036153846	-0.40023333868	0.828958583937228	0.765053024966013	-0.172118302526154	hsa-miR-548j
-0.347946252653846	-0.17993549966	0.770712530915565	1.00000972225443	0.168010752993846	hsa-miR-513c
-2.96644839703846	-2.79937778114	0.770712530915565	1.13836100531076	0.167070615898463	hsa-miR-152
-1.87530417380769	-2.04097398532	0.903407968403691	0.375602762338511	-0.165669811512307	hsa-miR-638
-3.37691131965385	-3.21232591032	0.770712530915565	1.08650369478162	0.164585409333848	hsa-miR-574-3p
-1.01079272984615	-0.84978775972	0.882308870330135	0.459698009465533	0.161004970126154	hsa-miR-135a
-0.276167829769231	-0.43715698206	0.857738492346258	0.672681143853325	-0.160989152290769	hsa-miR-211
-0.756252220961539	-0.59610679996	0.86600474863701	0.520779993360645	0.160145421001539	hsa-miR-181d
-1.78886789511538	-1.94859422176	0.91350002417634	0.330240523459823	-0.159726326644615	hsa-miR-181c
-0.377615350807692	-0.21830576	0.822210946038253	0.798060956574219	0.159309590807692	hsa-miR-103-as
0.158160825923077	0	0.594006949186065	2.37906412851183	-0.158160825923077	hsa-miR-621
-3.27118865392308	-3.11307904702	0.890168051914938	0.416971220650388	0.158109606903079	hsa-miR-103-2*
-1.06144286938462	-0.9038723371	0.88251421025281	0.450837528406978	0.157570532284615	hsa-miR-297
-3.02665722507692	-3.18357576756	0.770712530915565	0.989990587619348	-0.156918542483076	hsa-miR-139-5p
-2.60948824273077	-2.45279576756	0.589770193054424	2.44547438366125	0.156692475170771	hsa-miR-30d
-1.39883439657692	-1.55473576756	0.646719201159222	1.92969124152662	-0.155901370983077	hsa-miR-181a
-1.19899570546154	-1.04621042686	0.890759309068107	0.401797471911071	0.152785278601539	hsa-miR-886-5p
0	-0.1526199078	0.680468300184495	1.63325337517984	-0.1526199078	hsa-miR-302d*
-0.151038113076923	0	0.594006949186065	2.35730582413257	0.151038113076923	hsa-miR-554
-0.561655396	-0.71030529034	0.770712530915565	1.00464134729551	-0.14864989434	hsa-miR-1974
-0.383268020307692	-0.23474592228	0.853447154026981	0.69180029175663	0.148522098027692	hsa-miR-433
-0.698103627346154	-0.55327576756	0.694169168273046	1.54442727407848	0.144827859786154	hsa-miR-425
-0.661455743961539	-0.80614188478	0.890168051914938	0.414155760639962	-0.144686140818461	hsa-miR-589
-0.144452312538462	0	0.594006949186065	2.33480846980149	0.144452312538462	hsa-miR-658
-0.144249651538462	0	0.594006949186065	2.33407632149797	0.144249651538462	hsa-miR-1914*
-0.425928348153846	-0.2822285949	0.859355617909646	0.641531221622383	0.143699753253846	hsa-miR-1254
0	-0.14280313356	0.770712530915565	1.06234889340952	-0.14280313356	hsa-miR-9*
0	-0.14266727148	0.770712530915565	1.06228648275732	-0.14266727148	hsa-miR-105
-2.01315001296154	-1.8714550789	0.919917487558547	0.303709609011171	0.141694934061539	hsa-miR-224*
-2.02727909353846	-2.16854585894	0.925491110465701	0.280699878029068	-0.141266765401538	hsa-miR-33b
-0.535666726461538	-0.39476914932	0.86600474863701	0.542784649332685	0.140897577141539	hsa-miR-604
0	-0.14060727148	0.770712530915565	1.06131919199541	-0.14060727148	hsa-miR-539
-0.256412524730769	-0.39676720686	0.86600474863701	0.519869020983591	-0.140354682129231	hsa-miR-34c-5p
-1.61588975134615	-1.47696197722	0.909965624960146	0.350639580729353	0.138927774126155	hsa-miRPlus-A1031
-0.199121667461538	-0.33742113282	0.864041211144843	0.620063183562327	-0.138299465358462	hsa-miR-1259
-0.226307343846154	-0.09073326708	0.770712530915565	0.957520644772637	0.135574076766154	hsa-miR-489
-2.44902926726923	-2.31439783966	0.928304950056822	0.273521565996446	0.134631427609231	hsa-miR-361-3p
-0.133900845153846	0	0.594006949186065	2.29311963614573	0.133900845153846	hsa-miR-1243
-1.22896321211538	-1.09590596846	0.916346830690527	0.315427929482271	0.133057243655385	hsa-miR-219-5p
-1.64063479476923	-1.77328400222	0.920568900076612	0.294568778885374	-0.132649207450769	hsa-miR-182*
-0.7505616035	-0.61878060112	0.884529058478795	0.432597156804263	0.13178100238	hsa-miR-34b*
-2.28765863546154	-2.15596821066	0.920568900076612	0.293975722689127	0.131690424801538	hsa-miR-127-3p
-2.91529455088462	-2.78386757056	0.848332025325786	0.714278888697552	0.131426980324615	hsa-miR-140-5p
-2.92108713326923	-3.05224843248	0.91350002417634	0.329140786518861	-0.131161299210769	hsa-miR-128
-0.597357044769231	-0.72603595008	0.890759309068107	0.404554491086813	-0.128678905310769	hsa-miR-548o
-0.560040068615385	-0.43168338104	0.86600474863701	0.502329647689452	0.128356687575385	hsa-miR-593
-0.636685608769231	-0.50938154092	0.88251421025281	0.453091903219364	0.127304067849231	hsa-miR-619
0	-0.12689292224	0.770712530915565	1.0537170920027	-0.12689292224	hsa-miR-1263
-0.820911319653846	-0.69431576756	0.770712530915565	1.27189969631752	0.126595552093846	hsa-miR-222
-2.38202532011538	-2.50844613104	0.86600474863701	0.539157543897691	-0.126420810924615	hsa-miR-338-3p
-0.172280818653846	-0.29782503252	0.859355617909646	0.650479445538803	-0.125544213866154	hsa-miR-708*
-0.240104832423077	-0.36540921538	0.867583505165339	0.492736523324994	-0.125304382956923	hsa-miR-642
0	-0.12511292224	0.770712530915565	1.05255633012239	-0.12511292224	hsa-miR-592
-0.9209545335	-0.7967402749	0.910591778730005	0.346758914158294	0.1242142586	hsa-miR-432
-0.207122330576923	-0.08675248	0.793650344351686	0.899819291141316	0.120369850576923	hsa-miR-208b
0	-0.11860292224	0.770712530915565	1.0478923111012	-0.11860292224	hsa-miR-376a*
-2.6537574735	-2.77179576756	0.770712530915565	1.1272374121675	-0.118038294059999	hsa-let-7d
0	-0.11734528	0.770712530915565	1.04690798484507	-0.11734528	hsa-miR-384
0	-0.11708528	0.770712530915565	1.04670084600081	-0.11708528	hsa-miR-1237
0	-0.11602528	0.770712530915565	1.04584309414891	-0.11602528	hsa-miR-520g
0	-0.11560528	0.770712530915565	1.04549723201431	-0.11560528	hsa-miR-512-3p
0	-0.11340528	0.770712530915565	1.04362779142766	-0.11340528	hsa-miR-1203
0	-0.11298727148	0.770712530915565	1.04326126786809	-0.11298727148	hsa-miR-494
-0.178995672730769	-0.29148428956	0.859355617909646	0.642963908210505	-0.112488616829231	hsa-miR-1269
-1.92048824273077	-1.80835576756	0.797594162201764	0.877983939496018	0.11213247517077	hsa-let-7f
-0.218661861615385	-0.10757781334	0.849499477047392	0.708831000146473	0.111084048275385	hsa-miR-665
-3.39819298119231	-3.28954251934	0.935100988262393	0.243558316230751	0.108650461852307	hsa-miR-664
-1.47169873903846	-1.36514388656	0.932959359922675	0.252450373234911	0.106554852478462	hsa-miR-452
-0.418850248423077	-0.52473758296	0.909965624960146	0.35254177058948	-0.105887334536923	hsa-miR-595
-1.2567574735	-1.15123576756	0.770712530915565	0.961619363112728	0.10552170594	hsa-miR-148a
-2.69400020530769	-2.7992061435	0.94074810544517	0.229150523626516	-0.105205938192308	hsa-miR-130b
0	-0.10511430156	0.770712530915565	1.03560188998894	-0.10511430156	hsa-miR-611
0	-0.10497016362	0.770712530915565	1.03544700205264	-0.10497016362	hsa-miR-124*
-0.772388526538462	-0.66748402092	0.916346830690527	0.31476919471245	0.104904505618461	hsa-miR-920
0.104647156961538	0	0.619838628744981	2.12598797905982	-0.104647156961538	hsa-miR-519d
0	-0.10404048	0.770712530915565	1.03443403496583	-0.10404048	hsa-miR-1272
0	-0.10376181334	0.770712530915565	1.03412562904772	-0.10376181334	hsa-miR-431*
0	-0.10358727148	0.770712530915565	1.03393132078936	-0.10358727148	hsa-miR-455-5p
-2.51073224288462	-2.40818167666	0.948452995111435	0.206341726451123	0.102550566224616	hsa-miR-133a
0	-0.10188968528	0.770712530915565	1.03199458908571	-0.10188968528	hsa-miR-488
-2.13121283846154	-2.23296267394	0.948452995111435	0.199225212777879	-0.101749835478461	hsa-miR-193a-5p
-1.55984534869231	-1.45848026936	0.936313314584849	0.238933257768693	0.101365079332308	hsa-miR-301b
0	-0.10012581334	0.770712530915565	1.02988833214424	-0.10012581334	hsa-miR-367
0	-0.09788878432	0.770712530915565	1.02707013640096	-0.09788878432	hsa-miRPlus-C1089
-0.201867025538462	-0.29882980868	0.882308870330135	0.460483170989742	-0.0969627831415384	hsa-miR-33b*
-0.201622073807692	-0.10477568	0.859355617909646	0.641204860786599	0.0968463938076925	hsa-miR-363*
-0.196658139576923	-0.10072048	0.857738492346258	0.65734278115315	0.0959376595769231	hsa-miRPlus-C1066
-0.544706514269231	-0.63917162006	0.919917487558547	0.303489732270509	-0.0944651057907692	hsa-miR-1205
0	-0.09320048	0.770712530915565	1.02057346578576	-0.09320048	hsa-miR-27b*
0	-0.09271761632	0.770712530915565	1.01985480700218	-0.09271761632	hsa-miR-203
-1.87860224319231	-1.97065576756	0.86600474863701	0.5100959756055	-0.0920535243676914	hsa-miR-22
0	-0.09175912914	0.770712530915565	1.01839877950838	-0.09175912914	hsa-miR-517*
-0.593892853807692	-0.68507974698	0.932959359922675	0.258886931201056	-0.0911868931723077	hsa-miR-101*
-0.600664629923077	-0.50949159148	0.920568900076612	0.297487878145635	0.091173038443077	hsa-miR-193a-3p
0	-0.09071912914	0.770712530915565	1.0167732032008	-0.09071912914	hsa-miR-1252
-0.209929359769231	-0.12027292224	0.86600474863701	0.529668099485391	0.0896564375292308	hsa-miR-200b*
0	-0.08952581334	0.770712530915565	1.01484701505682	-0.08952581334	hsa-miR-556-5p
-2.19970104019231	-2.28922111828	0.948930028147081	0.195054199864665	-0.0895200780876921	hsa-miR-1224-3p
-0.883139504346154	-0.7959998976	0.932959359922675	0.249627398225393	0.0871396067461538	hsa-miR-1207-5p
0	-0.08559326708	0.770712530915565	1.00800107421619	-0.08559326708	hsa-miR-19b-2*
-0.187976185230769	-0.10277648	0.86600474863701	0.579891335703056	0.0851997052307693	hsa-miR-887
-0.9167396215	-0.83210758066	0.948452995111435	0.208887939943353	0.0846320408400001	hsa-miR-654-5p
-0.444718799076923	-0.36031688724	0.91350002417634	0.324949291147713	0.0844019118369231	hsa-miR-675b
-0.405841627730769	-0.48848499446	0.920568900076612	0.291197379403701	-0.0826433667292306	hsa-miR-216a
-0.176309333230769	-0.09441912914	0.86600474863701	0.601272811362119	0.0818902040907693	hsa-miR-138-1*
-0.608001921730769	-0.68932016804	0.932959359922675	0.252261066565178	-0.0813182463092306	hsa-miR-640
-1.96098824273077	-1.88023332366	0.794588085144635	0.894430628398084	0.0807549190707706	hsa-miR-652
-1.42823786373077	-1.50861373876	0.954120061320184	0.175884848412901	-0.0803758750292307	hsa-miR-370
0	-0.079807405	0.770712530915565	0.996329150151589	-0.079807405	hsa-miR-936
0	-0.07953941334	0.770712530915565	0.995736076462899	-0.07953941334	hsa-miR-508-5p
-1.02985104280769	-1.10606765488	0.950625446140719	0.18438142250624	-0.0762166120723076	hsa-miR-146b-3p
-1.25844530757692	-1.18305503766	0.954120061320184	0.170989554610221	0.0753902699169238	hsa-miR-212
-0.347721451615385	-0.27390204216	0.909965624960146	0.359509091043416	0.0738194094553846	hsa-miR-770-5p
-1.05948824273077	-1.13313576756	0.86600474863701	0.511972091769632	-0.0736475248292303	hsa-miR-29c
1.60588306553846	1.67328470966	0.909965624960146	0.354635395380358	0.0674016441215379	hsa-miR-103
-1.20788053519231	-1.14056959324	0.959601059217456	0.152104494978481	0.0673109419523079	hsa-miR-125a-3p
2.61178098803846	2.67610423244	0.798162411045911	0.873308675158763	0.0643232444015367	hsa-miR-126
-1.24898824273077	-1.18539332366	0.909965624960146	0.358897163415803	0.063594919070769	hsa-miR-424
-0.161759598461538	-0.10034533604	0.884529058478795	0.434976309804099	0.0614142624215385	hsa-miR-1178
-1.22184650123077	-1.28143073672	0.968339966155654	0.131647456867823	-0.05958423548923	hsa-miR-31
-0.185277246230769	-0.12697727148	0.91350002417634	0.333367418045905	0.0582999747507693	hsa-miR-224
-1.22198824273077	-1.16505576756	0.86600474863701	0.541602432605416	0.0569324751707694	hsa-miR-151-5p
-0.614060518538462	-0.6706836839	0.954120061320184	0.168361217212643	-0.0566231653615383	hsa-miR-548b-3p
-2.86948685857692	-2.81497576756	0.91350002417634	0.326014041592601	0.054511091016924	hsa-miR-374b
-0.0541605353461538	0	0.717085805513096	1.47411244178711	0.0541605353461539	hsa-miR-890
-2.67848646688462	-2.73017885796	0.974436643304347	0.105881828953579	-0.0516923910753828	hsa-miR-650
-0.159021534807692	-0.10868181334	0.91350002417634	0.333548606067926	0.0503397214676923	hsa-miR-149*
-2.56549218988462	-2.61582589202	0.974436643304347	0.107815981453717	-0.0503337021353838	hsa-miR-584
-1.24345777292308	-1.29209067908	0.974436643304347	0.109934233552404	-0.0486329061569228	hsa-miR-33a*
-0.631327867076923	-0.67672977638	0.968339966155654	0.131076852122427	-0.0454019093030766	hsa-miR-1972
-0.210952312538462	-0.16571523262	0.932959359922675	0.251988917357302	0.0452370799184616	hsa-miR-708
-2.094332865	-2.13925662978	0.977728020393723	0.0883809164120443	-0.0449237647799996	hsa-miR-204
-0.850372858115385	-0.80855197928	0.890759309068107	0.402884556517664	0.0418208788353848	hsa-miR-30b
-0.192495672730769	-0.23378873558	0.950625446140719	0.186250357944976	-0.0412930628492307	hsa-miR-323-5p
-0.207521534807692	-0.16671829334	0.94074810544517	0.226620164704491	0.0408032414676923	hsa-miR-593*
-0.413697578923077	-0.45359280002	0.965769683724244	0.140205614745589	-0.039895221096923	hsa-miR-1914
1.99101175726923	1.95118423244	0.886717232626597	0.426061015867399	-0.0398275248292308	hsa-miR-24
-0.224508015461538	-0.26393993538	0.957655948188838	0.15769115162985	-0.0394319199184615	hsa-miR-154*
-0.173668086538462	-0.21303732868	0.948452995111435	0.198488921261073	-0.0393692421415384	hsa-miR-922
-3.01116815092308	-3.05033624674	0.977728020393723	0.0883889623449804	-0.0391680958169229	hsa-miR-497
-1.29324968426923	-1.25465949278	0.979774340738379	0.0827768116007919	0.0385901914892308	hsa-miR-362-5p
-0.0351220738076923	0	0.770712530915565	1.01734960831082	0.0351220738076923	hsa-miR-30c-2*
-0.125388652076923	-0.09094416804	0.928741010279264	0.270050821366196	0.0344444840369231	hsa-miR-149
-0.190553771423077	-0.22456329632	0.957655948188838	0.159360102875411	-0.034009524896923	hsa-miR-523
-1.46265768973077	-1.42957994426	0.980071250156018	0.0698814209241099	0.0330777454707691	hsa-miR-141*
-1.61665067607692	-1.64887563694	0.980071250156018	0.0745985038949502	-0.0322249608630769	hsa-miR-1909
-1.69644839703846	-1.66435576756	0.948452995111435	0.199989193572862	0.0320926294784618	hsa-miR-192
-1.95329593503846	-1.98457576756	0.948452995111435	0.204202051376446	-0.0312798325215375	hsa-miR-146a
-0.541345771576923	-0.5724256017	0.977728020393723	0.0904369399876545	-0.0310798301230768	hsa-miR-517b
-2.91265256403846	-2.8818335042	0.981653780310519	0.0620262857603923	0.0308190598384619	hsa-miR-1266
-2.20671035965385	-2.23631022886	0.981653780310519	0.0620555570755054	-0.0295998692061521	hsa-miR-326
-0.480255478769231	-0.45295684594	0.974436643304347	0.10364357640148	0.0272986328292308	hsa-miR-760
-0.524313278192308	-0.54906437774	0.980071250156018	0.077420119013335	-0.0247510995476922	hsa-miR-1912
-0.498565165807692	-0.47683576756	0.954120061320184	0.169622576479347	0.0217293982476924	hsa-miR-23b
-0.170823922076923	-0.19077861604	0.974436643304347	0.106051342930364	-0.0199546939630769	hsa-miR-876-3p
-1.84379160819231	-1.82386577134	0.990914835639245	0.0433965248767431	0.0199258368523083	hsa-miR-1179
-2.31382966515385	-2.33288617614	0.991918910182626	0.0393783289081207	-0.0190565109861534	hsa-miR-193b
-0.246564638269231	-0.26497531948	0.980071250156018	0.0694698853336112	-0.0184106812107692	hsa-miR-548k
-3.11164070473077	-3.12841197928	0.977398974480926	0.0966578759650037	-0.0167712745492303	hsa-miR-324-5p
-0.117377635615385	-0.10156048	0.974436643304347	0.112127273188197	0.0158171556153846	hsa-miR-1253
-0.200113709884615	-0.21564294708	0.980071250156018	0.0717245308189459	-0.0155292371953845	hsa-miR-195*
-0.586386165230769	-0.57197529034	0.974436643304347	0.1071872930511	0.0144108748907694	hsa-miR-191
-2.33236518173077	-2.34497110894	0.996291576823641	0.0243149783582728	-0.01260592720923	hsa-miR-548c-5p
-0.697996616730769	-0.68551702052	0.994752319199919	0.0327254330980303	0.0124795962107693	hsa-miR-148a*
-0.563805213461538	-0.57336164802	0.996291576823641	0.0270677180283003	-0.00955643455846145	hsa-miR-576-3p
-0.752544661307692	-0.7437078763	0.996291576823641	0.0229082697924106	0.00883678500769225	hsa-miR-21*
0.00707023388461538	0	0.949274546969131	0.191826300699694	-0.00707023388461539	hsa-miR-516b
-0.414885244692308	-0.42060146196	0.997314159839577	0.0189082704601454	-0.00571621726769217	hsa-miR-518f*
-1.19068055042308	-1.19569576756	0.990914835639245	0.0433816378895592	-0.0050152171369231	hsa-miR-148b
-2.4590544885	-2.45423402594	0.998767270251027	0.00863912073739047	0.00482046255999968	hsa-miR-26b*
-1.65102105111538	-1.653658745	0.998767270251027	0.00590662587328885	-0.0026376938846151	hsa-miR-616*
-0.710800993384615	-0.71300854508	0.998767270251027	0.00594083985475098	-0.00220755169538456	hsa-miR-23b*
-0.7934538125	-0.79260210086	0.998767270251027	0.00215657043736351	0.000851711640000086	hsa-miR-124
-3.24019790396154	-3.239504728	0.998767270251027	0.00177955017331181	0.000693175961538284	hsa-miR-339-3p
-0.627988242730769	-0.62861576756	0.998767270251027	0.0040820982001226	-0.000627524829231119	hsa-miR-1979
