Control Mean	Case Mean	FDR	P.Value	log2FC	name
281	1355.45833333333	0.556909012853356	2.40966298389694	-1074.45833333333	hsa-miR-122-5p
223.916666666667	590.291666666667	0.556909012853356	4.81359946152131	-366.375	hsa-miR-148a-3p
372.333333333333	588.333333333333	0.660727146790456	1.20420962556149	-216	hsa-let-7i-5p
1014.75	851.833333333333	0.762509714801156	0.790579224029008	162.916666666667	hsa-miR-126-3p
867.791666666667	1005.33333333333	0.912608495603434	0.304213794916398	-137.541666666667	hsa-let-7b-5p
2667.875	2562.79166666667	1	0.078541833628269	105.083333333333	hsa-miR-451a
416.75	521.791666666667	0.682318828743721	1.10373931494807	-105.041666666667	hsa-let-7a-5p
118.291666666667	206.916666666667	0.556909012853356	2.50146727341864	-88.625	hsa-miR-320a
2.58333333333333	84.2083333333333	0.556909012853356	4.12706476464395	-81.625	hsa-miR-375
527.916666666667	604.916666666667	0.875008597202457	0.408359594048784	-77	hsa-miR-92a-3p
48.875	122.083333333333	0.556909012853356	4.52980036296138	-73.2083333333333	hsa-miR-99a-5p
710.875	779.791666666667	0.924510596330167	0.272368311487407	-68.9166666666667	hsa-miR-423-5p
164.416666666667	220.75	0.57678989641505	1.51493256414341	-56.3333333333333	hsa-let-7f-5p
68.3333333333333	120.416666666667	0.556909012853356	1.92894067167096	-52.0833333333334	hsa-miR-21-5p
1333.875	1294.33333333333	1	0.0685732249200115	39.5416666666667	hsa-miR-486-5p
76.75	110.125	0.683716896810743	1.08824043518333	-33.375	hsa-miR-22-3p
65.2916666666667	96.9166666666667	0.57678989641505	1.51383899165724	-31.625	hsa-miR-30d-5p
38.7916666666667	70.0833333333333	0.556909012853356	2.86545554710307	-31.2916666666667	hsa-miR-24-3p
159.291666666667	189.166666666667	0.875194745342642	0.403374843929915	-29.8749999999999	hsa-miR-25-3p
29.2916666666667	54.1666666666667	0.556909012853356	3.07172033807952	-24.875	hsa-miR-423-3p
17	38.5833333333333	0.556909012853356	3.53282793990274	-21.5833333333333	hsa-miR-320b
28.5416666666667	47.375	0.556909012853356	2.16927427791134	-18.8333333333333	hsa-let-7d-3p
26.5833333333333	45.2916666666667	0.556909012853356	2.18897158225617	-18.7083333333333	hsa-miR-185-5p
30.3333333333333	46.7083333333333	0.556909012853356	2.17254687898027	-16.375	hsa-miR-151a-3p
93.2916666666667	105.791666666667	0.88922631560672	0.364934343070512	-12.5	hsa-let-7g-5p
28.25	39.3333333333333	0.560232494460826	1.59730434498891	-11.0833333333333	hsa-miR-191-5p
116.125	126.291666666667	0.88922631560672	0.359688415956437	-10.1666666666667	hsa-miR-26a-5p
23.8333333333333	33.4166666666667	0.644329186009422	1.24766180218858	-9.58333333333334	hsa-let-7d-5p
27.6666666666667	37.2083333333333	0.661613403681069	1.1929592271015	-9.54166666666667	hsa-miR-128-3p
9.45833333333333	18.7916666666667	0.556909012853356	3.06412081025053	-9.33333333333334	hsa-miR-143-3p
8.58333333333333	17.9166666666667	0.556909012853356	3.11157927802623	-9.33333333333333	hsa-miR-146a-5p
1.5	10.0833333333333	0.556909012853356	2.83975299273072	-8.58333333333334	hsa-miR-193a-5p
27	19.0416666666667	0.743425929831346	0.870104565130452	7.95833333333334	hsa-miR-101-3p
24.875	32.6666666666667	0.804811273620767	0.635567300250502	-7.79166666666666	hsa-miR-363-3p
63.0833333333333	55.3333333333333	0.797969596854747	0.673089073906797	7.74999999999999	hsa-miR-10b-5p
4.25	11.9166666666667	0.556909012853356	3.82121975673118	-7.66666666666667	hsa-miR-320c
23.7083333333333	30.625	0.693362936706407	1.06119136424319	-6.91666666666667	hsa-miR-27a-3p
17.875	11.4166666666667	0.556909012853356	2.13592032040583	6.45833333333333	hsa-miR-150-5p
6.79166666666667	0.833333333333333	0.556909012853356	2.74341108213226	5.95833333333333	hsa-miR-9-5p
23.2083333333333	28.9166666666667	0.857980533784926	0.457334044419137	-5.70833333333333	hsa-miR-16-5p
17.8333333333333	12.25	0.677904135850647	1.13173413778928	5.58333333333333	hsa-miR-100-5p
13.625	19.2083333333333	0.743425929831346	0.889785817689801	-5.58333333333333	hsa-miR-192-5p
37.0416666666667	42.625	0.764813056816819	0.77693004478694	-5.58333333333333	hsa-let-7c-5p
12.5833333333333	18.0833333333333	0.556909012853356	1.62091974587233	-5.50000000000001	hsa-miR-27b-3p
3.41666666666667	8.79166666666667	0.556909012853356	3.59956855812633	-5.375	hsa-miR-744-5p
7.375	2.25	0.556909012853356	1.70339785771939	5.125	hsa-miR-184
6.375	10.875	0.566707658194506	1.57288550116967	-4.5	hsa-miR-194-5p
4.79166666666667	9.16666666666667	0.556909012853356	2.59452616476366	-4.375	hsa-miR-584-5p
14.7083333333333	18.9583333333333	0.766744852213854	0.769131196749202	-4.25	hsa-miR-486-3p
12.6666666666667	16.9166666666667	0.743425929831346	0.902808455416214	-4.25	hsa-miR-183-5p
4.33333333333333	8.45833333333333	0.556909012853356	3.82939288362978	-4.125	hsa-miR-92b-3p
4	8.125	0.556909012853356	2.7189260784876	-4.125	hsa-miR-328-3p
18.9583333333333	23.0416666666667	0.787364432690884	0.704438937910961	-4.08333333333333	hsa-miR-181a-5p
5.04166666666667	8.79166666666667	0.556909012853356	1.73801027838082	-3.75	hsa-miR-7-5p
10.3333333333333	13.9166666666667	0.773348223551285	0.750497191032113	-3.58333333333334	hsa-miR-186-5p
14.625	17.9166666666667	0.717575896935422	0.993920947155679	-3.29166666666667	hsa-let-7e-5p
15.8333333333333	18.9166666666667	0.773348223551285	0.748614510210955	-3.08333333333333	hsa-miR-125a-5p
3.20833333333333	6.25	0.556909012853356	3.00200495147402	-3.04166666666667	hsa-miR-378a-3p
6.41666666666667	9.45833333333333	0.610490708042886	1.38431183071338	-3.04166666666666	hsa-miR-103a-3p
11.8333333333333	14.8333333333333	0.807373636839232	0.617122518427071	-3	hsa-miR-182-5p
1.79166666666667	4.625	0.556909012853356	3.61716212610678	-2.83333333333333	hsa-miR-125b-5p
0.25	3.04166666666667	0.556909012853356	5.07093914776746	-2.79166666666667	hsa-miR-200a-3p
10.4166666666667	13	0.660727146790456	1.20433600133698	-2.58333333333333	hsa-miR-30e-3p
14.8333333333333	17.3333333333333	0.86383355942252	0.441656478026895	-2.5	hsa-miR-532-5p
1.29166666666667	3.75	0.556909012853356	3.69448379430682	-2.45833333333333	hsa-miR-320d
1.5	3.83333333333333	0.556909012853356	5.28895449490284	-2.33333333333333	hsa-miR-199a-3p
9	6.83333333333333	0.609314571370251	1.40603393461561	2.16666666666667	hsa-miR-30c-5p
9.58333333333333	11.6666666666667	0.766744852213854	0.767125249533184	-2.08333333333334	hsa-miR-30a-5p
1.83333333333333	3.875	0.556909012853356	3.50771142863972	-2.04166666666667	hsa-miR-221-3p
3.5	5.54166666666667	0.610490708042886	1.38063196511835	-2.04166666666666	hsa-miR-484
8.41666666666667	10.4583333333333	0.661613403681069	1.18886891834174	-2.04166666666666	hsa-miR-155-5p
5.16666666666667	7.16666666666667	0.623557565284398	1.33933428716334	-2	hsa-miR-98-5p
8.41666666666667	10.375	0.830693866237927	0.556332242638227	-1.95833333333333	hsa-miR-106b-3p
11.0416666666667	12.9166666666667	0.832645201188749	0.52980570954883	-1.875	hsa-miR-148b-3p
0.75	2.58333333333333	0.556909012853356	1.62157313362084	-1.83333333333333	hsa-miR-215-5p
8.08333333333333	6.29166666666667	0.673172772142516	1.14534452881895	1.79166666666667	hsa-miR-3168
1.625	3.375	0.556909012853356	2.24142511205487	-1.75	hsa-miR-424-3p
9.75	8	0.695784058087856	1.05275585893264	1.75	hsa-miR-30a-3p
1.08333333333333	2.66666666666667	0.556909012853356	2.37962477432457	-1.58333333333333	hsa-miR-432-5p
1.25	2.83333333333333	0.556909012853356	2.80817543637676	-1.58333333333333	hsa-miR-22-5p
5.75	7.33333333333333	0.804811273620767	0.637851042313123	-1.58333333333333	hsa-miR-26b-5p
1.75	3.25	0.556909012853356	2.32693152724106	-1.5	hsa-let-7b-3p
2.08333333333333	3.54166666666667	0.556909012853356	1.79596227584952	-1.45833333333333	hsa-miR-28-3p
2.125	3.58333333333333	0.556909012853356	1.61403426277651	-1.45833333333333	hsa-miR-409-3p
1.58333333333333	3	0.556909012853356	2.73399606977617	-1.41666666666667	hsa-miR-340-5p
0.5	1.83333333333333	0.556909012853356	3.58167701074993	-1.33333333333333	hsa-miR-664a-5p
3.375	4.70833333333333	0.664807647946105	1.17615430706111	-1.33333333333333	hsa-miR-222-3p
4.66666666666667	5.95833333333333	0.749092095571013	0.822423797432137	-1.29166666666667	hsa-miR-1307-3p
1.625	2.91666666666667	0.556909012853356	2.18243445950461	-1.29166666666667	hsa-miR-941
2.20833333333333	3.5	0.556909012853356	1.61633608096719	-1.29166666666667	hsa-miR-3615
0.375	1.58333333333333	0.556909012853356	4.82313971970507	-1.20833333333333	hsa-miR-1246
3.33333333333333	4.54166666666667	0.743425929831346	0.8386631527716	-1.20833333333333	hsa-miR-2110
3.875	5.08333333333333	0.779682889744882	0.72464475963685	-1.20833333333333	hsa-miR-1180-3p
2.625	3.70833333333333	0.804811273620767	0.642087527423811	-1.08333333333333	hsa-miR-144-3p
2.95833333333333	4.04166666666667	0.764518175936302	0.780578991769405	-1.08333333333333	hsa-miR-20a-5p
3.33333333333333	2.29166666666667	0.743425929831346	0.879354188907398	1.04166666666667	hsa-miR-15b-5p
1	2.04166666666667	0.556909012853356	2.57294102744311	-1.04166666666667	hsa-miR-199a-5p
0.458333333333333	1.45833333333333	0.556909012853356	2.77193237510739	-1	hsa-miR-193b-5p
1.125	2.08333333333333	0.556909012853356	3.31646873389454	-0.958333333333334	hsa-miR-223-5p
0	0.958333333333333	0.556909012853356	3.53466489115776	-0.958333333333333	hsa-miR-224-5p
3.16666666666667	4.125	0.720113231115662	0.976204660632282	-0.958333333333333	hsa-miR-29a-3p
3.58333333333333	4.54166666666667	0.661613403681069	1.1892831680836	-0.958333333333332	hsa-miR-139-3p
14.125	15.0416666666667	0.970704197570621	0.163293094956719	-0.916666666666668	hsa-miR-629-5p
0.916666666666667	1.83333333333333	0.556909012853356	2.92552695900166	-0.916666666666667	hsa-miR-140-5p
1.29166666666667	2.20833333333333	0.571775543347505	1.55211437116411	-0.916666666666667	hsa-miR-17-5p
0.541666666666667	1.45833333333333	0.556909012853356	4.49198474593394	-0.916666666666667	hsa-miR-199b-3p
1.58333333333333	2.5	0.58847177723944	1.47931089120815	-0.916666666666667	hsa-miR-370-3p
0.5	1.41666666666667	0.556909012853356	3.69153326320762	-0.916666666666667	hsa-miR-197-3p
2.45833333333333	1.58333333333333	0.634218899560127	1.2766818589587	0.875000000000001	hsa-miR-483-5p
0.291666666666667	1.16666666666667	0.556909012853356	3.58850517998668	-0.875	hsa-miR-134-5p
0.833333333333333	1.70833333333333	0.57678989641505	1.51314553513517	-0.875	hsa-miR-19b-3p
0	0.833333333333333	0.556909012853356	3.51277941780357	-0.833333333333333	hsa-miR-615-3p
3.08333333333333	3.91666666666667	0.72019158844164	0.972711973345091	-0.833333333333333	hsa-miR-126-5p
7.70833333333333	8.5	0.945742046468409	0.213747887247873	-0.791666666666668	hsa-miR-425-5p
1.91666666666667	1.125	0.628694820102016	1.31593126365847	0.791666666666667	hsa-miR-7706
0.25	1.04166666666667	0.556909012853356	3.95775355061054	-0.791666666666667	hsa-miR-20b-5p
1.5	2.29166666666667	0.556909012853356	1.70038868452216	-0.791666666666667	hsa-miR-1
0.0416666666666667	0.791666666666667	0.556909012853356	4.5217415027614	-0.75	hsa-miR-200b-3p
0.25	1	0.556909012853356	1.7506726786726	-0.75	hsa-miR-625-3p
1.41666666666667	2.125	0.717575896935422	0.999720852444959	-0.708333333333334	hsa-miR-107
0.5	1.20833333333333	0.556909012853356	2.40001601694765	-0.708333333333334	hsa-miR-92b-5p
0.666666666666667	1.375	0.609314571370251	1.40514073890932	-0.708333333333334	hsa-miR-106b-5p
0.708333333333333	0	0.556909012853356	1.64492145567547	0.708333333333333	hsa-miR-4513
7.16666666666667	7.83333333333333	0.948050573339768	0.207647443629756	-0.666666666666669	hsa-miR-16-2-3p
0.666666666666667	1.33333333333333	0.556909012853356	1.85449563421799	-0.666666666666667	hsa-miR-550a-5p
0.416666666666667	1.08333333333333	0.556909012853356	3.85442590703483	-0.666666666666667	hsa-miR-200c-3p
1.20833333333333	1.875	0.556909012853356	2.57228589893406	-0.666666666666667	hsa-miR-27a-5p
0.125	0.791666666666667	0.556909012853356	4.06646312705687	-0.666666666666667	hsa-miR-4433b-3p
0.208333333333333	0.833333333333333	0.556909012853356	4.47875242276159	-0.625	hsa-miR-130b-5p
35.0416666666667	34.4166666666667	1	0.0807627471868287	0.625	hsa-miR-10a-5p
0.791666666666667	1.41666666666667	0.560232494460826	1.59598455008226	-0.625	hsa-miR-1301-3p
0.25	0.875	0.556909012853356	3.76218351369952	-0.625	hsa-miR-335-3p
0.5	1.125	0.664807647946105	1.17395361664338	-0.625	hsa-miR-652-3p
0.25	0.833333333333333	0.556909012853356	6.37019525439891	-0.583333333333333	hsa-miR-125a-3p
0.583333333333333	1.16666666666667	0.560232494460826	1.59344438583142	-0.583333333333333	hsa-miR-339-3p
1.375	0.833333333333333	0.609314571370251	1.4203945672124	0.541666666666667	hsa-miR-19a-3p
0.0416666666666667	0.583333333333333	0.556909012853356	7.65891715995324	-0.541666666666667	hsa-miR-3613-5p
1.16666666666667	1.70833333333333	0.609314571370251	1.41441963444372	-0.541666666666667	hsa-miR-374a-5p
0.166666666666667	0.708333333333333	0.556909012853356	4.33327651896771	-0.541666666666667	hsa-miR-145-3p
2.25	2.75	0.788478649766681	0.699377439000411	-0.5	hsa-miR-181b-5p
2.625	3.125	0.875746346151192	0.39895432440049	-0.5	hsa-miR-501-3p
0.541666666666667	1.04166666666667	0.556909012853356	1.66944535946689	-0.5	hsa-miR-379-5p
0.333333333333333	0.833333333333333	0.556909012853356	3.17987722793185	-0.5	hsa-miR-28-5p
3.625	3.125	0.870145469751751	0.424636327097627	0.5	hsa-miR-4732-5p
0.375	0.875	0.556909012853356	1.8216083376359	-0.5	hsa-miR-511-5p
0.583333333333333	1.08333333333333	0.556909012853356	2.10018582112166	-0.5	hsa-miR-361-5p
0.291666666666667	0.75	0.556909012853356	2.11672831393012	-0.458333333333333	hsa-miR-15b-3p
0.166666666666667	0.583333333333333	0.556909012853356	2.92386493002837	-0.416666666666667	hsa-miR-96-5p
0.416666666666667	0	0.556909012853356	1.64476701178526	0.416666666666667	hsa-miR-219a-2-3p
0.625	1.04166666666667	0.610490708042886	1.38720744716607	-0.416666666666667	hsa-miR-3605-3p
0.458333333333333	0.875	0.629486895255491	1.30798871810408	-0.416666666666667	hsa-miR-4446-3p
3.41666666666667	3.04166666666667	0.937589576301298	0.234015445727029	0.375	hsa-miR-3158-3p
0.0833333333333333	0.458333333333333	0.556909012853356	4.25422850416836	-0.375	hsa-miR-493-3p
4.95833333333333	4.58333333333333	0.959993943049479	0.182632723629612	0.375	hsa-miR-342-5p
1.45833333333333	1.83333333333333	0.832645201188749	0.532910547783187	-0.375	hsa-miR-381-3p
1.5	1.875	0.804811273620767	0.631086209022902	-0.375	hsa-miR-32-5p
0.0416666666666667	0.375	0.556909012853356	1.91942570645564	-0.333333333333333	hsa-miR-200b-5p
0.333333333333333	0.666666666666667	0.619662914335897	1.35537527201321	-0.333333333333333	hsa-miR-374a-3p
0.0833333333333333	0.416666666666667	0.556909012853356	2.57022317932077	-0.333333333333333	hsa-miR-204-3p
0.125	0.458333333333333	0.556909012853356	2.76059136619765	-0.333333333333333	hsa-miR-326
0.125	0.458333333333333	0.556909012853356	3.48481959727792	-0.333333333333333	hsa-miR-361-3p
0.0416666666666667	0.375	0.556909012853356	3.06999757982176	-0.333333333333333	hsa-miR-493-5p
0.541666666666667	0.875	0.556909012853356	1.69500687836252	-0.333333333333333	hsa-miR-23a-3p
4.91666666666667	5.25	0.924510596330167	0.269963743320277	-0.333333333333333	hsa-miR-142-3p
16.4166666666667	16.75	1	0.086483567813136	-0.333333333333332	hsa-miR-139-5p
0.208333333333333	0.5	0.556909012853356	2.5911700636207	-0.291666666666667	hsa-miR-1228-5p
0.708333333333333	0.416666666666667	0.57678989641505	1.5234659911901	0.291666666666667	hsa-miR-152-3p
0.708333333333333	0.416666666666667	0.623557565284398	1.33516684037085	0.291666666666667	hsa-miR-25-5p
0.0416666666666667	0.333333333333333	0.556909012853356	4.17115432584766	-0.291666666666667	hsa-miR-411-3p
1.04166666666667	1.33333333333333	0.804811273620767	0.633563773587381	-0.291666666666667	hsa-miR-4732-3p
0.0416666666666667	0.333333333333333	0.556909012853356	3.73829896891995	-0.291666666666667	hsa-miR-495-3p
0.0833333333333333	0.375	0.556909012853356	2.79842606963702	-0.291666666666667	hsa-miR-500a-3p
0.166666666666667	0.458333333333333	0.556909012853356	2.64256005300205	-0.291666666666667	hsa-miR-7704
0.0416666666666667	0.333333333333333	0.556909012853356	2.31022904318768	-0.291666666666667	hsa-miR-200a-5p
0.166666666666667	0.458333333333333	0.556909012853356	3.01629013453024	-0.291666666666667	hsa-miR-4665-5p
0.291666666666667	0.583333333333333	0.556909012853356	1.64836377427055	-0.291666666666667	hsa-miR-485-3p
0.208333333333333	0.5	0.591920270051507	1.46701861560131	-0.291666666666667	hsa-miR-363-5p
3.45833333333333	3.75	0.953837218087342	0.196289843813379	-0.291666666666666	hsa-miR-93-5p
0.75	0.5	0.724213215806684	0.961350201057158	0.25	hsa-miR-1307-5p
0.208333333333333	0.458333333333333	0.556909012853356	2.77906173878123	-0.25	hsa-miR-18a-5p
0.875	0.625	0.678484469690255	1.12700217300322	0.25	hsa-miR-4443
0.333333333333333	0.0833333333333333	0.556909012853356	2.28125758151517	0.25	hsa-miR-6717-5p
0.125	0.375	0.556909012853356	2.52643265740775	-0.25	hsa-miR-148a-5p
0.0416666666666667	0.291666666666667	0.624421732512173	1.32946487376327	-0.25	hsa-miR-885-3p
0	0.25	0.556909012853356	3.7368681007069	-0.25	hsa-miR-141-3p
3.125	2.875	0.92488086365838	0.266760588921486	0.25	hsa-miR-144-5p
0	0.25	0.556909012853356	2.70996106043556	-0.25	hsa-miR-6842-5p
0.458333333333333	0.708333333333333	0.680359761588716	1.11953116164414	-0.25	hsa-miR-99b-3p
1	1.25	0.838627417517138	0.497265469814609	-0.25	hsa-miR-505-5p
2.375	2.625	0.940333820244275	0.227201857729788	-0.25	hsa-miR-543
31.375	31.125	1	0.0304272393303653	0.249999999999989	hsa-miR-99b-5p
1.95833333333333	2.16666666666667	0.931432037802252	0.24872976098317	-0.208333333333334	hsa-miR-1908-5p
3.41666666666667	3.20833333333333	0.959993943049479	0.181864313983676	0.208333333333333	hsa-miR-142-5p
0.458333333333333	0.25	0.630815565421704	1.30004585894695	0.208333333333333	hsa-miR-374b-5p
0.125	0.333333333333333	0.556909012853356	2.62945980522876	-0.208333333333333	hsa-miR-1292-5p
0	0.208333333333333	0.556909012853356	3.50655219107753	-0.208333333333333	hsa-let-7f-1-3p
0	0.208333333333333	0.556909012853356	4.32482457690318	-0.208333333333333	hsa-miR-1271-5p
0.208333333333333	0	0.556909012853356	3.50655219107753	0.208333333333333	hsa-miR-1299
0.208333333333333	0	0.556909012853356	4.32482457690318	0.208333333333333	hsa-miR-204-5p
0.208333333333333	0	0.556909012853356	2.98930617165204	0.208333333333333	hsa-miR-6781-5p
0.125	0.333333333333333	0.556909012853356	2.15633013232536	-0.208333333333333	hsa-miR-7107-3p
0.0416666666666667	0.25	0.556909012853356	3.67409969990608	-0.208333333333333	hsa-miR-10b-3p
0.0416666666666667	0.25	0.556909012853356	2.42289697620453	-0.208333333333333	hsa-miR-4742-3p
1.20833333333333	1	0.832645201188749	0.540425952143248	0.208333333333333	hsa-miR-203a
0.291666666666667	0.5	0.623557565284398	1.33745147431826	-0.208333333333333	hsa-miR-4497
6.5	6.29166666666667	1	0.0878303274944774	0.208333333333333	hsa-miR-146b-5p
3	3.16666666666667	0.976138556325773	0.152678641966255	-0.166666666666667	hsa-miR-140-3p
0.125	0.291666666666667	0.556909012853356	2.6444969450593	-0.166666666666667	hsa-miR-450a-5p
0.291666666666667	0.125	0.609314571370251	1.40227308734743	0.166666666666667	hsa-miR-18a-3p
0.25	0.0833333333333333	0.556909012853356	1.89822937014947	0.166666666666667	hsa-miR-23b-3p
0.416666666666667	0.583333333333333	0.743425929831346	0.902559926807893	-0.166666666666667	hsa-miR-335-5p
0.208333333333333	0.375	0.743425929831346	0.90371346623625	-0.166666666666667	hsa-miR-4433b-5p
0.416666666666667	0.25	0.717575896935422	0.985747015469389	0.166666666666667	hsa-miR-6815-5p
0	0.166666666666667	0.556909012853356	2.291677503137	-0.166666666666667	hsa-miR-1226-3p
0.166666666666667	0	0.556909012853356	2.291677503137	0.166666666666667	hsa-miR-1278
0.208333333333333	0.375	0.701400120583999	1.03775922793753	-0.166666666666667	hsa-miR-130b-3p
0.208333333333333	0.0416666666666667	0.572902503854573	1.54139004169407	0.166666666666667	hsa-miR-1976
0	0.166666666666667	0.556909012853356	2.70695964782891	-0.166666666666667	hsa-miR-219a-1-3p
0.166666666666667	0	0.556909012853356	3.38932414071096	0.166666666666667	hsa-miR-3143
0	0.166666666666667	0.556909012853356	2.70695964782891	-0.166666666666667	hsa-miR-3180-3p
0	0.166666666666667	0.556909012853356	4.76572960216179	-0.166666666666667	hsa-miR-331-5p
0	0.166666666666667	0.556909012853356	4.76572960216179	-0.166666666666667	hsa-miR-424-5p
0	0.166666666666667	0.556909012853356	4.76572960216179	-0.166666666666667	hsa-miR-431-5p
0.166666666666667	0	0.556909012853356	4.76572960216179	0.166666666666667	hsa-miR-4635
0	0.166666666666667	0.556909012853356	2.70695964782891	-0.166666666666667	hsa-miR-4781-3p
0	0.166666666666667	0.556909012853356	4.76572960216179	-0.166666666666667	hsa-miR-760
0	0.166666666666667	0.556909012853356	1.6435285639808	-0.166666666666667	hsa-miR-885-5p
0.166666666666667	0.333333333333333	0.571648378585102	1.55639328054288	-0.166666666666667	hsa-miR-95-3p
0.0416666666666667	0.208333333333333	0.556909012853356	2.81992862681851	-0.166666666666667	hsa-miR-1284
0.0416666666666667	0.208333333333333	0.556909012853356	2.81992862681851	-0.166666666666667	hsa-miR-3150b-3p
0.0416666666666667	0.208333333333333	0.572902503854573	1.54139004169407	-0.166666666666667	hsa-miR-323b-3p
0.0416666666666667	0.208333333333333	0.556909012853356	2.0602714199243	-0.166666666666667	hsa-miR-429
0.125	0.291666666666667	0.556909012853356	2.25067388235544	-0.166666666666667	hsa-miR-4671-5p
0.125	0.291666666666667	0.609314571370251	1.40227308734742	-0.166666666666667	hsa-miR-5010-5p
0.291666666666667	0.458333333333333	0.743425929831346	0.860531216481209	-0.166666666666667	hsa-miR-574-3p
0.125	0.291666666666667	0.685681805535319	1.0806775078594	-0.166666666666667	hsa-miR-942-5p
0.791666666666667	0.958333333333333	0.832645201188749	0.546305439266572	-0.166666666666667	hsa-let-7a-3p
0.833333333333333	1	0.868207117794047	0.430609551094179	-0.166666666666666	hsa-miR-382-5p
0.875	0.75	0.88922631560672	0.357359524842616	0.125	hsa-miR-206
0.541666666666667	0.666666666666667	0.833886244933722	0.508238091128704	-0.125	hsa-miR-223-3p
0.5	0.375	0.832609774709601	0.550131888035701	0.125	hsa-miR-195-3p
0.208333333333333	0.0833333333333333	0.556909012853356	1.75588823195467	0.125	hsa-miR-30c-1-3p
0.375	0.25	0.779682889744882	0.725304067513006	0.125	hsa-miR-3913-5p
0.166666666666667	0.0416666666666667	0.556909012853356	2.6294256866458	0.125	hsa-miR-4467
0.166666666666667	0.0416666666666667	0.682318828743721	1.094624391567	0.125	hsa-miR-6750-5p
0.416666666666667	0.291666666666667	0.634218899560127	1.27409013133408	0.125	hsa-miR-6869-5p
0.166666666666667	0.0416666666666667	0.556909012853356	2.02480951072786	0.125	hsa-miR-939-5p
0.125	0	0.556909012853356	1.64238405784609	0.125	hsa-miR-124-3p
0.291666666666667	0.166666666666667	0.661613403681069	1.18799155791055	0.125	hsa-miR-1294
0.0416666666666667	0.166666666666667	0.682318828743721	1.094624391567	-0.125	hsa-miR-194-3p
0.125	0	0.556909012853356	1.64238405784609	0.125	hsa-miR-202-3p
0.125	0	0.556909012853356	3.7207821849092	0.125	hsa-miR-3173-5p
0.125	0	0.556909012853356	1.64238405784609	0.125	hsa-miR-3936
0.291666666666667	0.166666666666667	0.725204317661252	0.956056832338337	0.125	hsa-miR-411-5p
0.291666666666667	0.166666666666667	0.629486895255491	1.30675409128769	0.125	hsa-miR-421
0.0416666666666667	0.166666666666667	0.556909012853356	1.68539958977192	-0.125	hsa-miR-4685-3p
0.125	0	0.556909012853356	1.64238405784609	0.125	hsa-miR-4750-5p
0.291666666666667	0.166666666666667	0.682318828743721	1.094624391567	0.125	hsa-miR-548o-3p
0.125	0	0.556909012853356	1.64238405784609	0.125	hsa-miR-6884-5p
0.0416666666666667	0.166666666666667	0.556909012853356	2.02480951072786	-0.125	hsa-miR-758-3p
0.0833333333333333	0.208333333333333	0.556909012853356	1.75588823195466	-0.125	hsa-miR-10a-3p
0	0.125	0.556909012853356	3.7207821849092	-0.125	hsa-miR-1229-3p
0	0.125	0.556909012853356	2.4968756458866	-0.125	hsa-miR-1323
0.0833333333333333	0.208333333333333	0.57678989641505	1.51211123325172	-0.125	hsa-miR-221-5p
0	0.125	0.556909012853356	3.7207821849092	-0.125	hsa-miR-23b-5p
0	0.125	0.556909012853356	2.4968756458866	-0.125	hsa-miR-3912-3p
0.0833333333333333	0.208333333333333	0.556909012853356	1.75588823195466	-0.125	hsa-miR-433-3p
0	0.125	0.556909012853356	3.7207821849092	-0.125	hsa-miR-5090
0.0833333333333333	0.208333333333333	0.556909012853356	1.75588823195466	-0.125	hsa-miR-589-5p
0.0833333333333333	0.208333333333333	0.556909012853356	1.75588823195466	-0.125	hsa-miR-618
0	0.125	0.556909012853356	3.7207821849092	-0.125	hsa-miR-6852-5p
0	0.125	0.556909012853356	2.4968756458866	-0.125	hsa-miR-7976
0.125	0.25	0.556909012853356	1.86315872638703	-0.125	hsa-miR-1183
0.125	0.25	0.673172772142516	1.14653338514184	-0.125	hsa-miR-330-5p
0.125	0.25	0.610172274820934	1.39267048172058	-0.125	hsa-miR-6842-3p
0.125	0.25	0.610172274820934	1.39267048172058	-0.125	hsa-miR-29c-3p
0.416666666666667	0.541666666666667	0.808009559795134	0.604941643490997	-0.125	hsa-miR-769-5p
0.375	0.5	0.828647513754566	0.562773107651714	-0.125	hsa-miR-4746-5p
3.41666666666667	3.54166666666667	1	0.0711508132703211	-0.124999999999999	hsa-miR-30e-5p
0.333333333333333	0.25	0.875194745342642	0.402587949230937	0.0833333333333335	hsa-miR-218-5p
0.5	0.416666666666667	0.882941527281593	0.381715603383024	0.0833333333333335	hsa-miR-338-5p
0.208333333333333	0.125	0.669475130023692	1.16032844200566	0.0833333333333334	hsa-miR-548j-5p
0.583333333333333	0.666666666666667	0.945742046468409	0.215806367819334	-0.0833333333333334	hsa-miR-129-5p
0.25	0.333333333333333	0.839749691592384	0.492548289279736	-0.0833333333333334	hsa-miR-185-3p
0	0.0833333333333333	0.556909012853356	1.63912566544155	-0.0833333333333334	hsa-miR-214-3p
0.208333333333333	0.125	0.717575896935422	0.98464044692346	0.0833333333333334	hsa-miR-671-3p
0	0.0833333333333333	0.556909012853356	2.69089717700767	-0.0833333333333334	hsa-let-7i-3p
0	0.0833333333333333	0.556909012853356	2.69089717700767	-0.0833333333333334	hsa-miR-1288-3p
0.0833333333333333	0	0.556909012853356	1.63912566544155	0.0833333333333334	hsa-miR-1304-3p
0.0833333333333333	0	0.556909012853356	1.63912566544155	0.0833333333333334	hsa-miR-135a-5p
0	0.0833333333333333	0.556909012853356	2.69089717700767	-0.0833333333333334	hsa-miR-136-3p
0	0.0833333333333333	0.556909012853356	2.69089717700767	-0.0833333333333334	hsa-miR-136-5p
0.0833333333333333	0	0.556909012853356	2.69089717700767	0.0833333333333334	hsa-miR-1468-5p
0	0.0833333333333333	0.556909012853356	2.69089717700767	-0.0833333333333334	hsa-miR-146b-3p
0.0833333333333333	0.166666666666667	0.743425929831346	0.839331714343859	-0.0833333333333334	hsa-miR-18b-5p
0	0.0833333333333333	0.556909012853356	2.69089717700767	-0.0833333333333334	hsa-miR-191-3p
0	0.0833333333333333	0.556909012853356	2.69089717700767	-0.0833333333333334	hsa-miR-2115-5p
0	0.0833333333333333	0.556909012853356	2.69089717700767	-0.0833333333333334	hsa-miR-21-3p
0	0.0833333333333333	0.556909012853356	2.69089717700767	-0.0833333333333334	hsa-miR-27b-5p
0	0.0833333333333333	0.556909012853356	1.63912566544155	-0.0833333333333334	hsa-miR-3150a-5p
0	0.0833333333333333	0.556909012853356	2.69089717700767	-0.0833333333333334	hsa-miR-3179
0.0833333333333333	0	0.556909012853356	1.63912566544155	0.0833333333333334	hsa-miR-337-5p
0	0.0833333333333333	0.556909012853356	1.63912566544155	-0.0833333333333334	hsa-miR-3591-5p
0	0.0833333333333333	0.556909012853356	2.69089717700767	-0.0833333333333334	hsa-miR-3621
0.0833333333333333	0	0.556909012853356	2.69089717700767	0.0833333333333334	hsa-miR-365a-5p
0.0833333333333333	0	0.556909012853356	1.63912566544155	0.0833333333333334	hsa-miR-3690
0	0.0833333333333333	0.556909012853356	1.63912566544155	-0.0833333333333334	hsa-miR-370-5p
0	0.0833333333333333	0.556909012853356	1.63912566544155	-0.0833333333333334	hsa-miR-381-5p
0.0833333333333333	0	0.556909012853356	2.69089717700767	0.0833333333333334	hsa-miR-3940-3p
0.0833333333333333	0	0.556909012853356	1.63912566544155	0.0833333333333334	hsa-miR-4433-3p
0.166666666666667	0.0833333333333333	0.804811273620767	0.650560811114511	0.0833333333333334	hsa-miR-4482-3p
0.0833333333333333	0	0.556909012853356	2.69089717700767	0.0833333333333334	hsa-miR-4500
0.0833333333333333	0.166666666666667	0.682318828743721	1.10053544496169	-0.0833333333333334	hsa-miR-4508
0	0.0833333333333333	0.556909012853356	1.63912566544155	-0.0833333333333334	hsa-miR-4676-5p
0.0833333333333333	0	0.556909012853356	2.69089717700767	0.0833333333333334	hsa-miR-4683
0	0.0833333333333333	0.556909012853356	2.69089717700767	-0.0833333333333334	hsa-miR-4723-3p
0.0833333333333333	0	0.556909012853356	2.69089717700767	0.0833333333333334	hsa-miR-4800-5p
0	0.0833333333333333	0.556909012853356	1.63912566544155	-0.0833333333333334	hsa-miR-483-3p
0.166666666666667	0.0833333333333333	0.804811273620767	0.650560811114511	0.0833333333333334	hsa-miR-532-3p
0.0833333333333333	0	0.556909012853356	2.69089717700767	0.0833333333333334	hsa-miR-548ac
0	0.0833333333333333	0.556909012853356	2.69089717700767	-0.0833333333333334	hsa-miR-579-5p
0.0833333333333333	0	0.556909012853356	2.69089717700767	0.0833333333333334	hsa-miR-636
0	0.0833333333333333	0.556909012853356	2.69089717700767	-0.0833333333333334	hsa-miR-6510-3p
0.0833333333333333	0	0.556909012853356	2.69089717700767	0.0833333333333334	hsa-miR-6516-5p
0	0.0833333333333333	0.556909012853356	1.63912566544155	-0.0833333333333334	hsa-miR-6727-5p
0	0.0833333333333333	0.556909012853356	2.69089717700767	-0.0833333333333334	hsa-miR-6747-3p
0	0.0833333333333333	0.556909012853356	1.63912566544155	-0.0833333333333334	hsa-miR-6770-3p
0.166666666666667	0.0833333333333333	0.743425929831346	0.839331714343859	0.0833333333333334	hsa-miR-6777-5p
0	0.0833333333333333	0.556909012853356	1.63912566544155	-0.0833333333333334	hsa-miR-6786-3p
0.0833333333333333	0	0.556909012853356	2.69089717700767	0.0833333333333334	hsa-miR-6803-3p
0	0.0833333333333333	0.556909012853356	2.69089717700767	-0.0833333333333334	hsa-miR-6808-3p
0.0833333333333333	0	0.556909012853356	2.69089717700767	0.0833333333333334	hsa-miR-6812-3p
0	0.0833333333333333	0.556909012853356	1.63912566544155	-0.0833333333333334	hsa-miR-6813-5p
0.166666666666667	0.0833333333333333	0.682318828743721	1.10053544496169	0.0833333333333334	hsa-miR-6850-5p
0.0833333333333333	0	0.556909012853356	2.69089717700767	0.0833333333333334	hsa-miR-874-3p
0.125	0.208333333333333	0.717575896935422	0.984640446923459	-0.0833333333333333	hsa-miR-195-5p
0.125	0.208333333333333	0.717575896935422	0.984640446923459	-0.0833333333333333	hsa-miR-3605-5p
0.25	0.166666666666667	0.775416456655643	0.738648210524306	0.0833333333333333	hsa-miR-576-5p
0.208333333333333	0.291666666666667	0.787364432690884	0.706461950179528	-0.0833333333333333	hsa-miR-654-5p
0.125	0.208333333333333	0.764518175936302	0.781412884355844	-0.0833333333333333	hsa-miR-6741-3p
0.0416666666666667	0.125	0.556909012853356	1.71309749852401	-0.0833333333333333	hsa-miR-324-5p
0.0416666666666667	0.125	0.631700054981127	1.28708104265123	-0.0833333333333333	hsa-miR-378d
0.25	0.333333333333333	0.81018755193087	0.598164013233666	-0.0833333333333333	hsa-miR-485-5p
0.0416666666666667	0.125	0.631700054981127	1.28708104265123	-0.0833333333333333	hsa-miR-5010-3p
0.25	0.333333333333333	0.794649938603215	0.682105881654794	-0.0833333333333333	hsa-miR-654-3p
0.0416666666666667	0.125	0.631700054981127	1.28708104265123	-0.0833333333333333	hsa-miR-6735-5p
0.166666666666667	0.25	0.753607014123069	0.810635161564576	-0.0833333333333333	hsa-miR-1306-5p
0.166666666666667	0.25	0.775416456655643	0.738648210524305	-0.0833333333333333	hsa-miR-132-5p
0.166666666666667	0.25	0.794649938603215	0.682105881654793	-0.0833333333333333	hsa-miR-450b-5p
1.95833333333333	2.04166666666667	0.990462355974054	0.129106735936639	-0.0833333333333333	hsa-miR-150-3p
0.541666666666667	0.625	0.896037551261424	0.341615280621156	-0.0833333333333333	hsa-miR-181a-2-3p
0.75	0.833333333333333	0.899783934517128	0.327588288143795	-0.0833333333333333	hsa-miR-342-3p
0.833333333333333	0.916666666666667	0.912608495603434	0.30185701222845	-0.0833333333333333	hsa-miR-503-5p
0.25	0.291666666666667	0.934794097952101	0.24092514618428	-0.0416666666666667	hsa-miR-1248
0.166666666666667	0.125	0.832645201188749	0.537303720451143	0.0416666666666667	hsa-miR-30c-2-3p
0.25	0.208333333333333	0.88922631560672	0.355302931164182	0.0416666666666667	hsa-miR-330-3p
0.25	0.208333333333333	0.878671135476199	0.391424584881721	0.0416666666666667	hsa-miR-378c
0.25	0.208333333333333	0.88922631560672	0.355302931164182	0.0416666666666667	hsa-miR-502-3p
0.166666666666667	0.125	0.857980533784926	0.456003208913614	0.0416666666666667	hsa-miR-651-5p
0.0416666666666667	0.0833333333333333	0.743425929831346	0.836503988549206	-0.0416666666666667	hsa-miR-873-5p
0.208333333333333	0.166666666666667	0.870785949476772	0.418078819107618	0.0416666666666667	hsa-miR-127-3p
0.208333333333333	0.166666666666667	0.921590395822391	0.279793232698645	0.0416666666666667	hsa-miR-15a-5p
0.208333333333333	0.166666666666667	0.885314859148402	0.375133578894194	0.0416666666666667	hsa-miR-29b-3p
0.25	0.291666666666667	0.913358475039416	0.295377596189038	-0.0416666666666667	hsa-miR-30b-5p
0.291666666666667	0.25	0.913358475039416	0.295377596189038	0.0416666666666667	hsa-miR-340-3p
0.125	0.166666666666667	0.897592147613636	0.333771098849741	-0.0416666666666667	hsa-miR-499a-5p
0.125	0.166666666666667	0.832645201188749	0.537303720451143	-0.0416666666666667	hsa-miR-5189-5p
0.125	0.166666666666667	0.897592147613636	0.333771098849741	-0.0416666666666667	hsa-miR-550a-3-5p
0	0.0416666666666667	0.556909012853356	1.6218224148096	-0.0416666666666667	hsa-miR-6826-5p
0	0.0416666666666667	0.556909012853356	1.6218224148096	-0.0416666666666667	hsa-let-7c-3p
0.0416666666666667	0	0.556909012853356	1.6218224148096	0.0416666666666667	hsa-let-7e-3p
0	0.0416666666666667	0.556909012853356	1.6218224148096	-0.0416666666666667	hsa-miR-105-5p
0.0416666666666667	0.0833333333333333	0.807373636839232	0.608977416732444	-0.0416666666666667	hsa-miR-1185-1-3p
0	0.0416666666666667	0.556909012853356	1.6218224148096	-0.0416666666666667	hsa-miR-1193
0.0416666666666667	0	0.556909012853356	1.6218224148096	0.0416666666666667	hsa-miR-1225-5p
0.0833333333333333	0.0416666666666667	0.743425929831346	0.836503988549206	0.0416666666666667	hsa-miR-1249
0.0416666666666667	0	0.556909012853356	1.6218224148096	0.0416666666666667	hsa-miR-1254
0.0833333333333333	0.0416666666666667	0.743425929831346	0.836503988549206	0.0416666666666667	hsa-miR-1255a
0	0.0416666666666667	0.556909012853356	1.6218224148096	-0.0416666666666667	hsa-miR-1255b-5p
0	0.0416666666666667	0.556909012853356	1.6218224148096	-0.0416666666666667	hsa-miR-125b-1-3p
0.0416666666666667	0.0833333333333333	0.743425929831346	0.836503988549206	-0.0416666666666667	hsa-miR-125b-2-3p
0.0416666666666667	0	0.556909012853356	1.6218224148096	0.0416666666666667	hsa-miR-1261
0.0416666666666667	0	0.556909012853356	1.6218224148096	0.0416666666666667	hsa-miR-1270
0	0.0416666666666667	0.556909012853356	1.6218224148096	-0.0416666666666667	hsa-miR-1273h-3p
0.0416666666666667	0	0.556909012853356	1.6218224148096	0.0416666666666667	hsa-miR-1277-5p
0.0416666666666667	0	0.556909012853356	1.6218224148096	0.0416666666666667	hsa-miR-1293
0.0416666666666667	0	0.556909012853356	1.6218224148096	0.0416666666666667	hsa-miR-1295a
0.0416666666666667	0	0.556909012853356	1.6218224148096	0.0416666666666667	hsa-miR-1306-3p
0.0416666666666667	0	0.556909012853356	1.6218224148096	0.0416666666666667	hsa-miR-132-3p
0.0416666666666667	0	0.556909012853356	1.6218224148096	0.0416666666666667	hsa-miR-1343-3p
0.0416666666666667	0	0.556909012853356	1.6218224148096	0.0416666666666667	hsa-miR-145-5p
0.0416666666666667	0	0.556909012853356	1.6218224148096	0.0416666666666667	hsa-miR-147b
0	0.0416666666666667	0.556909012853356	1.6218224148096	-0.0416666666666667	hsa-miR-152-5p
0.0416666666666667	0	0.556909012853356	1.6218224148096	0.0416666666666667	hsa-miR-153-3p
0.0416666666666667	0	0.556909012853356	1.6218224148096	0.0416666666666667	hsa-miR-181c-3p
0.0416666666666667	0	0.556909012853356	1.6218224148096	0.0416666666666667	hsa-miR-181c-5p
0.0416666666666667	0	0.556909012853356	1.6218224148096	0.0416666666666667	hsa-miR-188-3p
0.0416666666666667	0.0833333333333333	0.743425929831346	0.836503988549206	-0.0416666666666667	hsa-miR-188-5p
0.0416666666666667	0	0.556909012853356	1.6218224148096	0.0416666666666667	hsa-miR-190a-5p
0	0.0416666666666667	0.556909012853356	1.6218224148096	-0.0416666666666667	hsa-miR-1914-5p
0	0.0416666666666667	0.556909012853356	1.6218224148096	-0.0416666666666667	hsa-miR-196a-5p
0	0.0416666666666667	0.556909012853356	1.6218224148096	-0.0416666666666667	hsa-miR-19b-1-5p
0.0416666666666667	0	0.556909012853356	1.6218224148096	0.0416666666666667	hsa-miR-20b-3p
0	0.0416666666666667	0.556909012853356	1.6218224148096	-0.0416666666666667	hsa-miR-210-3p
0.0416666666666667	0	0.556909012853356	1.6218224148096	0.0416666666666667	hsa-miR-215-3p
0	0.0416666666666667	0.556909012853356	1.6218224148096	-0.0416666666666667	hsa-miR-216a-5p
0	0.0416666666666667	0.556909012853356	1.6218224148096	-0.0416666666666667	hsa-miR-216b-5p
0	0.0416666666666667	0.556909012853356	1.6218224148096	-0.0416666666666667	hsa-miR-222-5p
0.0416666666666667	0	0.556909012853356	1.6218224148096	0.0416666666666667	hsa-miR-2278
0	0.0416666666666667	0.556909012853356	1.6218224148096	-0.0416666666666667	hsa-miR-2355-3p
0.0416666666666667	0.0833333333333333	0.807373636839232	0.608977416732444	-0.0416666666666667	hsa-miR-26a-2-3p
0.0416666666666667	0	0.556909012853356	1.6218224148096	0.0416666666666667	hsa-miR-26b-3p
0	0.0416666666666667	0.556909012853356	1.6218224148096	-0.0416666666666667	hsa-miR-296-3p
0	0.0416666666666667	0.556909012853356	1.6218224148096	-0.0416666666666667	hsa-miR-29b-1-5p
0.0833333333333333	0.0416666666666667	0.743425929831346	0.836503988549206	0.0416666666666667	hsa-miR-29c-5p
0	0.0416666666666667	0.556909012853356	1.6218224148096	-0.0416666666666667	hsa-miR-301a-3p
0.0416666666666667	0	0.556909012853356	1.6218224148096	0.0416666666666667	hsa-miR-301b
0	0.0416666666666667	0.556909012853356	1.6218224148096	-0.0416666666666667	hsa-miR-30b-3p
0	0.0416666666666667	0.556909012853356	1.6218224148096	-0.0416666666666667	hsa-miR-3122
0	0.0416666666666667	0.556909012853356	1.6218224148096	-0.0416666666666667	hsa-miR-3127-3p
0.0416666666666667	0	0.556909012853356	1.6218224148096	0.0416666666666667	hsa-miR-3128
0.0416666666666667	0	0.556909012853356	1.6218224148096	0.0416666666666667	hsa-miR-3136-5p
0	0.0416666666666667	0.556909012853356	1.6218224148096	-0.0416666666666667	hsa-miR-3157-3p
0	0.0416666666666667	0.556909012853356	1.6218224148096	-0.0416666666666667	hsa-miR-3174
0	0.0416666666666667	0.556909012853356	1.6218224148096	-0.0416666666666667	hsa-miR-3187-3p
0	0.0416666666666667	0.556909012853356	1.6218224148096	-0.0416666666666667	hsa-miR-3191-3p
0.0416666666666667	0	0.556909012853356	1.6218224148096	0.0416666666666667	hsa-miR-3200-3p
0	0.0416666666666667	0.556909012853356	1.6218224148096	-0.0416666666666667	hsa-miR-320e
0.0416666666666667	0.0833333333333333	0.807373636839232	0.608977416732444	-0.0416666666666667	hsa-miR-323a-3p
0	0.0416666666666667	0.556909012853356	1.6218224148096	-0.0416666666666667	hsa-miR-323a-5p
0.0416666666666667	0	0.556909012853356	1.6218224148096	0.0416666666666667	hsa-miR-337-3p
0	0.0416666666666667	0.556909012853356	1.6218224148096	-0.0416666666666667	hsa-miR-34a-5p
0.0833333333333333	0.0416666666666667	0.807373636839232	0.608977416732444	0.0416666666666667	hsa-miR-3613-3p
0.0833333333333333	0.0416666666666667	0.743425929831346	0.836503988549206	0.0416666666666667	hsa-miR-3614-5p
0.0416666666666667	0	0.556909012853356	1.6218224148096	0.0416666666666667	hsa-miR-365a-3p
0	0.0416666666666667	0.556909012853356	1.6218224148096	-0.0416666666666667	hsa-miR-365b-3p
0.0416666666666667	0	0.556909012853356	1.6218224148096	0.0416666666666667	hsa-miR-3663-5p
0	0.0416666666666667	0.556909012853356	1.6218224148096	-0.0416666666666667	hsa-miR-3675-5p
0	0.0416666666666667	0.556909012853356	1.6218224148096	-0.0416666666666667	hsa-miR-3691-5p
0.0416666666666667	0	0.556909012853356	1.6218224148096	0.0416666666666667	hsa-miR-369-5p
0.0416666666666667	0	0.556909012853356	1.6218224148096	0.0416666666666667	hsa-miR-378a-5p
0.0416666666666667	0	0.556909012853356	1.6218224148096	0.0416666666666667	hsa-miR-379-3p
0.0416666666666667	0	0.556909012853356	1.6218224148096	0.0416666666666667	hsa-miR-3911
0	0.0416666666666667	0.556909012853356	1.6218224148096	-0.0416666666666667	hsa-miR-3928-3p
0.0416666666666667	0	0.556909012853356	1.6218224148096	0.0416666666666667	hsa-miR-409-5p
0	0.0416666666666667	0.556909012853356	1.6218224148096	-0.0416666666666667	hsa-miR-410-3p
0.0416666666666667	0	0.556909012853356	1.6218224148096	0.0416666666666667	hsa-miR-4259
0	0.0416666666666667	0.556909012853356	1.6218224148096	-0.0416666666666667	hsa-miR-4322
0.0416666666666667	0	0.556909012853356	1.6218224148096	0.0416666666666667	hsa-miR-4326
0	0.0416666666666667	0.556909012853356	1.6218224148096	-0.0416666666666667	hsa-miR-4433-5p
0.0416666666666667	0	0.556909012853356	1.6218224148096	0.0416666666666667	hsa-miR-4473
0	0.0416666666666667	0.556909012853356	1.6218224148096	-0.0416666666666667	hsa-miR-4474-3p
0	0.0416666666666667	0.556909012853356	1.6218224148096	-0.0416666666666667	hsa-miR-4477b
0	0.0416666666666667	0.556909012853356	1.6218224148096	-0.0416666666666667	hsa-miR-4488
0.0416666666666667	0	0.556909012853356	1.6218224148096	0.0416666666666667	hsa-miR-4489
0.0416666666666667	0.0833333333333333	0.743425929831346	0.836503988549206	-0.0416666666666667	hsa-miR-4504
0.0833333333333333	0.0416666666666667	0.743425929831346	0.836503988549206	0.0416666666666667	hsa-miR-4510
0.0416666666666667	0	0.556909012853356	1.6218224148096	0.0416666666666667	hsa-miR-4511
0	0.0416666666666667	0.556909012853356	1.6218224148096	-0.0416666666666667	hsa-miR-452-5p
0	0.0416666666666667	0.556909012853356	1.6218224148096	-0.0416666666666667	hsa-miR-454-3p
0.0416666666666667	0	0.556909012853356	1.6218224148096	0.0416666666666667	hsa-miR-454-5p
0	0.0416666666666667	0.556909012853356	1.6218224148096	-0.0416666666666667	hsa-miR-455-5p
0	0.0416666666666667	0.556909012853356	1.6218224148096	-0.0416666666666667	hsa-miR-4647
0	0.0416666666666667	0.556909012853356	1.6218224148096	-0.0416666666666667	hsa-miR-4658
0.0416666666666667	0	0.556909012853356	1.6218224148096	0.0416666666666667	hsa-miR-4663
0.0416666666666667	0	0.556909012853356	1.6218224148096	0.0416666666666667	hsa-miR-4664-3p
0.0416666666666667	0	0.556909012853356	1.6218224148096	0.0416666666666667	hsa-miR-4667-5p
0	0.0416666666666667	0.556909012853356	1.6218224148096	-0.0416666666666667	hsa-miR-4670-5p
0.0416666666666667	0	0.556909012853356	1.6218224148096	0.0416666666666667	hsa-miR-4672
0.0416666666666667	0	0.556909012853356	1.6218224148096	0.0416666666666667	hsa-miR-4677-5p
0	0.0416666666666667	0.556909012853356	1.6218224148096	-0.0416666666666667	hsa-miR-4688
0.0416666666666667	0	0.556909012853356	1.6218224148096	0.0416666666666667	hsa-miR-4697-3p
0	0.0416666666666667	0.556909012853356	1.6218224148096	-0.0416666666666667	hsa-miR-4709-5p
0	0.0416666666666667	0.556909012853356	1.6218224148096	-0.0416666666666667	hsa-miR-4714-5p
0.0416666666666667	0	0.556909012853356	1.6218224148096	0.0416666666666667	hsa-miR-4727-5p
0.0416666666666667	0	0.556909012853356	1.6218224148096	0.0416666666666667	hsa-miR-4731-5p
0	0.0416666666666667	0.556909012853356	1.6218224148096	-0.0416666666666667	hsa-miR-4741
0	0.0416666666666667	0.556909012853356	1.6218224148096	-0.0416666666666667	hsa-miR-4742-5p
0	0.0416666666666667	0.556909012853356	1.6218224148096	-0.0416666666666667	hsa-miR-4743-5p
0	0.0416666666666667	0.556909012853356	1.6218224148096	-0.0416666666666667	hsa-miR-4745-5p
0.0416666666666667	0	0.556909012853356	1.6218224148096	0.0416666666666667	hsa-miR-4763-3p
0	0.0416666666666667	0.556909012853356	1.6218224148096	-0.0416666666666667	hsa-miR-4773
0.0416666666666667	0	0.556909012853356	1.6218224148096	0.0416666666666667	hsa-miR-4779
0	0.0416666666666667	0.556909012853356	1.6218224148096	-0.0416666666666667	hsa-miR-490-3p
0	0.0416666666666667	0.556909012853356	1.6218224148096	-0.0416666666666667	hsa-miR-5009-5p
0	0.0416666666666667	0.556909012853356	1.6218224148096	-0.0416666666666667	hsa-miR-505-3p
0.0416666666666667	0	0.556909012853356	1.6218224148096	0.0416666666666667	hsa-miR-5091
0.0416666666666667	0	0.556909012853356	1.6218224148096	0.0416666666666667	hsa-miR-509-3-5p
0	0.0416666666666667	0.556909012853356	1.6218224148096	-0.0416666666666667	hsa-miR-509-3p
0	0.0416666666666667	0.556909012853356	1.6218224148096	-0.0416666666666667	hsa-miR-5100
0	0.0416666666666667	0.556909012853356	1.6218224148096	-0.0416666666666667	hsa-miR-516a-5p
0.0416666666666667	0	0.556909012853356	1.6218224148096	0.0416666666666667	hsa-miR-516b-5p
0	0.0416666666666667	0.556909012853356	1.6218224148096	-0.0416666666666667	hsa-miR-5187-5p
0.0416666666666667	0	0.556909012853356	1.6218224148096	0.0416666666666667	hsa-miR-520a-3p
0.0416666666666667	0.0833333333333333	0.743425929831346	0.836503988549206	-0.0416666666666667	hsa-miR-541-5p
0.0833333333333333	0.0416666666666667	0.743425929831346	0.836503988549206	0.0416666666666667	hsa-miR-548e-3p
0	0.0416666666666667	0.556909012853356	1.6218224148096	-0.0416666666666667	hsa-miR-551a
0	0.0416666666666667	0.556909012853356	1.6218224148096	-0.0416666666666667	hsa-miR-556-5p
0.0416666666666667	0	0.556909012853356	1.6218224148096	0.0416666666666667	hsa-miR-570-3p
0	0.0416666666666667	0.556909012853356	1.6218224148096	-0.0416666666666667	hsa-miR-580-3p
0.0416666666666667	0	0.556909012853356	1.6218224148096	0.0416666666666667	hsa-miR-581
0	0.0416666666666667	0.556909012853356	1.6218224148096	-0.0416666666666667	hsa-miR-582-5p
0.0416666666666667	0	0.556909012853356	1.6218224148096	0.0416666666666667	hsa-miR-598-3p
0.0416666666666667	0	0.556909012853356	1.6218224148096	0.0416666666666667	hsa-miR-6068
0.0416666666666667	0	0.556909012853356	1.6218224148096	0.0416666666666667	hsa-miR-6087
0	0.0416666666666667	0.556909012853356	1.6218224148096	-0.0416666666666667	hsa-miR-624-5p
0	0.0416666666666667	0.556909012853356	1.6218224148096	-0.0416666666666667	hsa-miR-627-5p
0.0416666666666667	0	0.556909012853356	1.6218224148096	0.0416666666666667	hsa-miR-628-5p
0	0.0416666666666667	0.556909012853356	1.6218224148096	-0.0416666666666667	hsa-miR-629-3p
0	0.0416666666666667	0.556909012853356	1.6218224148096	-0.0416666666666667	hsa-miR-642a-3p
0	0.0416666666666667	0.556909012853356	1.6218224148096	-0.0416666666666667	hsa-miR-6509-5p
0	0.0416666666666667	0.556909012853356	1.6218224148096	-0.0416666666666667	hsa-miR-6511a-3p
0	0.0416666666666667	0.556909012853356	1.6218224148096	-0.0416666666666667	hsa-miR-6511b-3p
0.0416666666666667	0	0.556909012853356	1.6218224148096	0.0416666666666667	hsa-miR-6511b-5p
0	0.0416666666666667	0.556909012853356	1.6218224148096	-0.0416666666666667	hsa-miR-6515-5p
0.0416666666666667	0	0.556909012853356	1.6218224148096	0.0416666666666667	hsa-miR-655-3p
0.0416666666666667	0	0.556909012853356	1.6218224148096	0.0416666666666667	hsa-miR-658
0.0833333333333333	0.0416666666666667	0.807373636839232	0.608977416732444	0.0416666666666667	hsa-miR-659-5p
0	0.0416666666666667	0.556909012853356	1.6218224148096	-0.0416666666666667	hsa-miR-660-5p
0	0.0416666666666667	0.556909012853356	1.6218224148096	-0.0416666666666667	hsa-miR-661
0	0.0416666666666667	0.556909012853356	1.6218224148096	-0.0416666666666667	hsa-miR-664a-3p
0.0416666666666667	0	0.556909012853356	1.6218224148096	0.0416666666666667	hsa-miR-664b-5p
0.0416666666666667	0	0.556909012853356	1.6218224148096	0.0416666666666667	hsa-miR-6715a-3p
0.0833333333333333	0.0416666666666667	0.743425929831346	0.836503988549206	0.0416666666666667	hsa-miR-6716-3p
0	0.0416666666666667	0.556909012853356	1.6218224148096	-0.0416666666666667	hsa-miR-6721-5p
0.0416666666666667	0	0.556909012853356	1.6218224148096	0.0416666666666667	hsa-miR-6723-5p
0	0.0416666666666667	0.556909012853356	1.6218224148096	-0.0416666666666667	hsa-miR-6730-5p
0.0416666666666667	0	0.556909012853356	1.6218224148096	0.0416666666666667	hsa-miR-6734-3p
0.0416666666666667	0	0.556909012853356	1.6218224148096	0.0416666666666667	hsa-miR-6735-3p
0	0.0416666666666667	0.556909012853356	1.6218224148096	-0.0416666666666667	hsa-miR-6736-5p
0	0.0416666666666667	0.556909012853356	1.6218224148096	-0.0416666666666667	hsa-miR-6738-3p
0	0.0416666666666667	0.556909012853356	1.6218224148096	-0.0416666666666667	hsa-miR-6750-3p
0.0416666666666667	0.0833333333333333	0.743425929831346	0.836503988549206	-0.0416666666666667	hsa-miR-6767-5p
0	0.0416666666666667	0.556909012853356	1.6218224148096	-0.0416666666666667	hsa-miR-6772-3p
0.0416666666666667	0	0.556909012853356	1.6218224148096	0.0416666666666667	hsa-miR-6787-3p
0	0.0416666666666667	0.556909012853356	1.6218224148096	-0.0416666666666667	hsa-miR-6788-3p
0.0416666666666667	0	0.556909012853356	1.6218224148096	0.0416666666666667	hsa-miR-6790-3p
0.0416666666666667	0	0.556909012853356	1.6218224148096	0.0416666666666667	hsa-miR-6793-5p
0	0.0416666666666667	0.556909012853356	1.6218224148096	-0.0416666666666667	hsa-miR-6802-5p
0.0416666666666667	0.0833333333333333	0.743425929831346	0.836503988549206	-0.0416666666666667	hsa-miR-6805-5p
0	0.0416666666666667	0.556909012853356	1.6218224148096	-0.0416666666666667	hsa-miR-6806-3p
0.0416666666666667	0	0.556909012853356	1.6218224148096	0.0416666666666667	hsa-miR-6821-5p
0.0416666666666667	0.0833333333333333	0.743425929831346	0.836503988549206	-0.0416666666666667	hsa-miR-6837-3p
0	0.0416666666666667	0.556909012853356	1.6218224148096	-0.0416666666666667	hsa-miR-6839-5p
0.0416666666666667	0	0.556909012853356	1.6218224148096	0.0416666666666667	hsa-miR-6847-5p
0.0416666666666667	0	0.556909012853356	1.6218224148096	0.0416666666666667	hsa-miR-6849-5p
0	0.0416666666666667	0.556909012853356	1.6218224148096	-0.0416666666666667	hsa-miR-6862-5p
0.0416666666666667	0	0.556909012853356	1.6218224148096	0.0416666666666667	hsa-miR-6865-5p
0.0416666666666667	0.0833333333333333	0.743425929831346	0.836503988549206	-0.0416666666666667	hsa-miR-6866-5p
0	0.0416666666666667	0.556909012853356	1.6218224148096	-0.0416666666666667	hsa-miR-6868-3p
0	0.0416666666666667	0.556909012853356	1.6218224148096	-0.0416666666666667	hsa-miR-6877-5p
0	0.0416666666666667	0.556909012853356	1.6218224148096	-0.0416666666666667	hsa-miR-6881-3p
0	0.0416666666666667	0.556909012853356	1.6218224148096	-0.0416666666666667	hsa-miR-7110-3p
0	0.0416666666666667	0.556909012853356	1.6218224148096	-0.0416666666666667	hsa-miR-877-5p
0	0.0416666666666667	0.556909012853356	1.6218224148096	-0.0416666666666667	hsa-miR-92a-2-5p
0.0416666666666667	0	0.556909012853356	1.6218224148096	0.0416666666666667	hsa-miR-937-3p
0.0416666666666667	0	0.556909012853356	1.6218224148096	0.0416666666666667	hsa-miR-9-3p
0.0416666666666667	0	0.556909012853356	1.6218224148096	0.0416666666666667	hsa-miR-942-3p
0.125	0.0833333333333333	0.832645201188749	0.513185436396216	0.0416666666666667	hsa-miR-1224-5p
0.125	0.0833333333333333	0.832645201188749	0.513185436396216	0.0416666666666667	hsa-miR-4804-5p
0.125	0.0833333333333333	0.832645201188749	0.513185436396216	0.0416666666666667	hsa-miR-6780a-5p
0.125	0.0833333333333333	0.832645201188749	0.513185436396216	0.0416666666666667	hsa-miR-766-5p
0.125	0.0833333333333333	0.832645201188749	0.513185436396216	0.0416666666666667	hsa-miR-7848-3p
0.125	0.0833333333333333	0.832645201188749	0.513185436396216	0.0416666666666667	hsa-miR-889-3p
0.166666666666667	0.208333333333333	0.870785949476772	0.418078819107618	-0.0416666666666667	hsa-miR-504-5p
0.0833333333333333	0.125	0.86383355942252	0.440656575527981	-0.0416666666666666	hsa-miR-149-5p
0.0833333333333333	0.125	0.832645201188749	0.513185436396215	-0.0416666666666666	hsa-miR-4516
0.0833333333333333	0.125	0.804811273620767	0.634955505274332	-0.0416666666666666	hsa-miR-574-5p
0.0833333333333333	0.125	0.804811273620767	0.634955505274332	-0.0416666666666666	hsa-miR-92a-1-5p
0.375	0.416666666666667	0.931432037802252	0.251755441184934	-0.0416666666666666	hsa-miR-130a-3p
0.0833333333333333	0.125	0.804811273620767	0.634955505274332	-0.0416666666666666	hsa-miR-3909
0.416666666666667	0.458333333333333	0.931432037802252	0.249851475431999	-0.0416666666666666	hsa-miR-582-3p
0.25	0.25	1	3.20342650381492e-16	5.55111512312578e-17	hsa-miR-199b-5p
0.458333333333333	0.458333333333333	1	3.20342650381492e-16	5.55111512312578e-17	hsa-miR-345-5p
0.208333333333333	0.208333333333333	1	1.60171325190746e-16	2.77555756156289e-17	hsa-miR-196b-5p
0.125	0.125	1	3.20342650381492e-16	2.77555756156289e-17	hsa-miR-30d-3p
0.125	0.125	1	3.20342650381492e-16	2.77555756156289e-17	hsa-miR-4669
0.0416666666666667	0.0416666666666667	1	1.60171325190746e-16	6.93889390390723e-18	hsa-miR-214-5p
0.0416666666666667	0.0416666666666667	1	1.60171325190746e-16	6.93889390390723e-18	hsa-miR-6503-3p
0.208333333333333	0.208333333333333	1	0	0	hsa-miR-106a-5p
0.0416666666666667	0.0416666666666667	1	0	0	hsa-miR-1287-5p
0.0416666666666667	0.0416666666666667	1	0	0	hsa-miR-138-5p
0.0416666666666667	0.0416666666666667	1	0	0	hsa-miR-151a-5p
0.0833333333333333	0.0833333333333333	1	0	0	hsa-miR-17-3p
0.0833333333333333	0.0833333333333333	1	0	0	hsa-miR-181a-3p
0.166666666666667	0.166666666666667	1	0	0	hsa-miR-181d-5p
0.0416666666666667	0.0416666666666667	1	0	0	hsa-miR-197-5p
0.0833333333333333	0.0833333333333333	1	0	0	hsa-miR-23a-5p
0.0416666666666667	0.0416666666666667	1	0	0	hsa-miR-296-5p
0.0416666666666667	0.0416666666666667	1	0	0	hsa-miR-3127-5p
0.0416666666666667	0.0416666666666667	1	0	0	hsa-miR-3138
0.0416666666666667	0.0416666666666667	1	0	0	hsa-miR-3197
0.0416666666666667	0.0416666666666667	1	0	0	hsa-miR-339-5p
0.0416666666666667	0.0416666666666667	1	0	0	hsa-miR-362-5p
0.0833333333333333	0.0833333333333333	1	0	0	hsa-miR-3656
0.0416666666666667	0.0416666666666667	1	0	0	hsa-miR-3682-3p
0.0416666666666667	0.0416666666666667	1	0	0	hsa-miR-3688-3p
0.0416666666666667	0.0416666666666667	1	0	0	hsa-miR-372-3p
0.0416666666666667	0.0416666666666667	1	0	0	hsa-miR-3934-5p
0.0416666666666667	0.0416666666666667	1	0	0	hsa-miR-4661-5p
0.0416666666666667	0.0416666666666667	1	0	0	hsa-miR-4662a-5p
0.0416666666666667	0.0416666666666667	1	0	0	hsa-miR-514a-3p
0.0416666666666667	0.0416666666666667	1	0	0	hsa-miR-542-3p
0.0833333333333333	0.0833333333333333	1	0	0	hsa-miR-576-3p
0.0416666666666667	0.0416666666666667	1	0	0	hsa-miR-625-5p
0.0833333333333333	0.0833333333333333	1	0	0	hsa-miR-628-3p
0.0833333333333333	0.0833333333333333	1	0	0	hsa-miR-6734-5p
0.0833333333333333	0.0833333333333333	1	0	0	hsa-miR-6741-5p
0.0416666666666667	0.0416666666666667	1	0	0	hsa-miR-6785-5p
0.0416666666666667	0.0416666666666667	1	0	0	hsa-miR-6859-5p
0.0416666666666667	0.0416666666666667	1	0	0	hsa-miR-6873-3p
0.0416666666666667	0.0416666666666667	1	0	0	hsa-miR-7854-3p
