Control Mean	Case Mean	FDR	P.Value	log2FC	name
158323.18860125	179140.37629375	0.783638179884244	4.20842614498232	20817.1876925	hsa-miR-99a-5p
123229.99005125	108761.570955625	0.788239232164298	0.875628187898437	-14468.4190956249	hsa-let-7i-5p
38222.40213625	43901.5116025	0.783638179884244	4.05394295818585	5679.10946625	hsa-miR-129-5p
24556.52793	19368.0639125	0.783638179884244	5.30831837122587	-5188.46401749999	hsa-miR-9-5p
16282.32884125	20691.29185375	0.783638179884244	5.21174659942376	4408.9630125	hsa-miR-320a
79285.85929875	75086.48751	0.932135355268534	0.251550377834746	-4199.37178875	hsa-miR-128-3p
6277.22116325	9569.6836669375	0.783638179884244	1.61204619255476	3292.4625036875	hsa-miR-451a
30548.42509375	27464.524636875	0.783638179884244	2.02948959504608	-3083.900456875	hsa-let-7b-5p
11359.928834875	13785.301899	0.783638179884244	1.17931555381128	2425.373064125	hsa-miR-423-5p
11359.79518075	13785.1031240625	0.783638179884244	1.17929261292324	2425.3079433125	hsa-miR-3184-3p
14024.437240375	11662.8291185625	0.783638179884244	2.8350602811329	-2361.60812181249	hsa-miR-30a-5p
16078.06519125	18138.0085734375	0.844556592130456	0.648856026785466	2059.9433821875	hsa-miR-381-3p
6521.093499375	4581.28333925	0.783638179884244	4.09299867115888	-1939.810160125	hsa-miR-101-3p
29940.7613875	28092.976025625	0.783638179884244	1.64170324377306	-1847.78536187499	hsa-miR-100-5p
8354.024055875	6601.88985825	0.783638179884244	2.34724314651957	-1752.134197625	hsa-miR-143-3p
12012.24519525	10268.9203725625	0.783638179884244	2.21034196405877	-1743.3248226875	hsa-miR-27b-3p
29174.9703625	30875.407449375	0.783638179884244	1.55231573948511	1700.437086875	hsa-miR-181a-5p
11456.970171625	9854.2027435	0.783638179884244	2.05446628730974	-1602.767428125	hsa-miR-127-3p
1556.5404396	3155.12856485	0.783638179884244	1.09818715007934	1598.58812525	hsa-miR-122-5p
1556.5404396	3154.96337485	0.783638179884244	1.09810623224518	1598.42293525	hsa-miR-3591-3p
9646.543828875	11188.639295	0.783638179884244	3.08037118106991	1542.095466125	hsa-miR-26a-5p
12439.74862325	10963.6638736875	0.783638179884244	1.33572339687639	-1476.0847495625	hsa-miR-151a-3p
15386.04869075	14021.9348850625	0.783638179884244	0.955892751683521	-1364.1138056875	hsa-miR-21-5p
19317.59758	18222.464611875	0.783638179884244	1.25113892390417	-1095.13296812499	hsa-miR-181b-5p
6598.468267875	5628.391505875	0.783638179884244	1.92757262899711	-970.076761999998	hsa-miR-221-3p
6014.913780875	5128.2141465625	0.783638179884244	2.31873101862745	-886.699634312499	hsa-miR-30e-5p
7513.618188125	6706.4376911875	0.783638179884244	1.20423672758756	-807.180496937499	hsa-let-7c-5p
17600.356561	16932.3680499375	0.911970244145485	0.346890175347519	-667.988511062493	hsa-miR-30d-5p
5605.97089225	4977.8895833125	0.783638179884244	1.48928778924561	-628.081308937499	hsa-miR-124-3p
3286.4775635	3899.6454974375	0.783638179884244	4.99054239529167	613.1679339375	hsa-miR-433-3p
3743.28553075	3134.92265775	0.783638179884244	2.58369684343307	-608.362873	hsa-let-7f-5p
2260.167259625	1792.5244430125	0.783638179884244	2.47347146237876	-467.6428166125	hsa-miR-340-5p
3405.72991125	3856.705772875	0.783638179884244	1.1909878518064	450.975861625002	hsa-miR-126-3p
1797.414674875	2247.1425040625	0.783638179884244	3.86708596010534	449.7278291875	hsa-miR-320b
6506.85259125	6086.3300313125	0.783638179884244	1.85694525675637	-420.522559937499	hsa-miR-219a-2-3p
6494.438396875	6075.304101875	0.783638179884244	1.84980809165675	-419.134294999997	hsa-miR-219b-5p
4885.707434625	4475.903716625	0.783638179884244	1.63763786358685	-409.803717999998	hsa-let-7a-5p
13752.18582625	14152.738395625	0.91208797007112	0.335995395143631	400.552569374997	hsa-miR-218-5p
2506.992416625	2149.520631625	0.783638179884244	3.10871207576027	-357.471785	hsa-miR-379-5p
1908.01609875	2265.09570625	0.783638179884244	1.55340789173039	357.079607500001	hsa-miR-25-3p
4000.7431025	3685.012564125	0.783638179884244	2.75057930616391	-315.730538375	hsa-miR-432-5p
2369.221571125	2067.3314845	0.783638179884244	2.19062695667062	-301.890086625	hsa-miR-148b-3p
2299.928805875	2592.87018025	0.783638179884244	1.78012033716041	292.941374375001	hsa-miR-760
1684.260208375	1424.07437944375	0.783638179884244	1.85368098086298	-260.18582893125	hsa-miR-186-5p
34240.26974875	34495.017864375	0.971088162157449	0.089267055654325	254.748115625007	hsa-miR-9-3p
1372.38296565	1624.09924075	0.783638179884244	1.83632887294054	251.7162751	hsa-miR-744-5p
807.5816251875	1050.37628673125	0.783638179884244	1.04555392934057	242.79466154375	hsa-miR-486-5p
797.657933225	1037.15798275625	0.783638179884244	1.04572940647592	239.50004953125	hsa-miR-486-3p
4186.63844775	3949.00731675	0.798505127369774	0.803232689786213	-237.631130999999	hsa-miR-29a-3p
1712.40744125	1478.80341423125	0.783638179884244	1.71035328468689	-233.60402701875	hsa-miR-132-3p
6999.24534925	6776.1893051875	0.889430341049113	0.457096281626579	-223.056044062498	hsa-miR-125b-5p
2343.081567625	2122.7571655	0.783638179884244	1.45334970289423	-220.324402124999	hsa-miR-889-3p
2733.492057625	2516.2270253125	0.783638179884244	1.15555634955904	-217.265032312498	hsa-miR-1224-5p
35187.258935	35398.827585	0.966297204796014	0.11199354749025	211.568650000008	hsa-miR-148a-3p
2295.130198875	2088.26150875	0.783638179884244	2.0470189657776	-206.868690124999	hsa-miR-181d-5p
1282.3971671875	1481.48251776875	0.783638179884244	2.83533431481914	199.08535058125	hsa-miR-191-5p
11471.251323125	11669.6597916875	0.929881049102139	0.300803972699294	198.4084685625	hsa-miR-22-3p
6612.59458925	6419.3340799375	0.783638179884244	0.93030176822074	-193.260509312499	hsa-miR-99b-5p
1219.0191752125	1409.49425381875	0.855118785391359	0.603743944088298	190.475078606251	hsa-miR-543
1458.6332215	1648.8389009375	0.783638179884244	3.01557676404151	190.2056794375	hsa-miR-328-3p
1471.7326656125	1641.71659136875	0.783638179884244	0.91054843794017	169.983925756251	hsa-miR-139-5p
525.34089045	374.8028963375	0.783638179884244	5.19258937328193	-150.5379941125	hsa-miR-34c-5p
5864.282953625	5729.5831119375	0.911970244145485	0.356397217622368	-134.699841687499	hsa-let-7g-5p
1118.5617674375	1249.512370825	0.783638179884244	0.992647342697794	130.9506033875	hsa-miR-204-3p
553.2973044	679.57988670625	0.783638179884244	2.30659137938609	126.28258230625	hsa-miR-320c
767.0832923875	647.3909865125	0.783638179884244	2.55542950309442	-119.692305875	hsa-miR-206
2401.720690875	2283.90973275	0.796251824705123	0.822850491686971	-117.810958124999	hsa-miR-323a-3p
834.535156525	947.9065403	0.783638179884244	3.60210976078203	113.371383775	hsa-miR-105-5p
921.284224425	1030.9978366125	0.783638179884244	0.913509794926383	109.7136121875	hsa-miR-423-3p
915.659366775	1022.78631415625	0.784249134831004	0.898741794912611	107.12694738125	hsa-miR-3184-5p
633.35837055	737.18766135625	0.783638179884244	4.12079350832304	103.82929080625	hsa-miR-132-5p
1008.7683575125	1112.51077458125	0.783638179884244	1.75729686676192	103.74241706875	hsa-miR-330-3p
815.293321175	724.5768038	0.783638179884244	2.78370560933386	-90.7165173749997	hsa-miR-136-3p
981.0185450875	894.600438325	0.783638179884244	0.917899921936387	-86.4181067625	hsa-miR-656-3p
657.63207735	573.396577975	0.783638179884244	3.1659216305148	-84.2354993749997	hsa-miR-660-5p
881.719355225	804.41635701875	0.783638179884244	2.28943746939582	-77.3029982062499	hsa-let-7e-5p
563.0491003625	486.16934324375	0.783638179884244	1.44216537484997	-76.8797571187498	hsa-miR-23b-3p
983.933859725	907.3183789375	0.845328644570214	0.643970460901213	-76.6154807875	hsa-miR-3529-3p
1321.7223535	1397.8671841875	0.783638179884244	1.2677470264087	76.1448306875	hsa-miR-185-5p
1067.15497645	991.1630074	0.783638179884244	0.925148524100408	-75.9919690500001	hsa-miR-410-3p
989.29022885	913.7786987	0.850074911377202	0.630703242265038	-75.51153015	hsa-miR-7-5p
456.976082025	388.6276275625	0.783638179884244	1.90620544371231	-68.3484544624999	hsa-miR-107
3810.995516	3879.1574873125	0.91208797007112	0.336096310107286	68.1619713125006	hsa-miR-378a-3p
448.8235917125	381.51523218125	0.783638179884244	1.96276305311507	-67.3083595312499	hsa-miR-409-3p
826.513010875	760.81805484375	0.854539155864424	0.607948793960458	-65.6949560312498	hsa-miR-98-5p
532.3371313625	596.29405218125	0.783638179884244	3.11234167842133	63.9569208187501	hsa-miR-330-5p
1379.76483575	1316.90794449375	0.895274555372731	0.418693237478251	-62.8568912562496	hsa-miR-27a-3p
359.039449025	297.53092413125	0.783638179884244	1.73937365638844	-61.5085248937499	hsa-miR-383-5p
698.1256833875	640.9649988125	0.788239232164298	0.874546451927579	-57.1606845749999	hsa-miR-103b
700.1760811125	643.36482999375	0.789669923313764	0.862445346688419	-56.8112511187499	hsa-miR-103a-3p
337.6978234375	281.72738101875	0.783638179884244	2.38513138808881	-55.9704424187498	hsa-miR-152-3p
1203.4384048	1258.9231125125	0.783638179884244	0.919245947526909	55.4847077125005	hsa-miR-495-3p
2513.514190625	2567.161071875	0.945653913651369	0.162565913623947	53.6468812500007	hsa-miR-92a-3p
373.2065526	424.78300066875	0.783638179884244	3.64880281269219	51.5764480687499	hsa-miR-455-5p
254.0442331125	203.30218635875	0.783638179884244	3.99410191022935	-50.7420467537499	hsa-miR-490-3p
132.704023905	182.4327852625	0.783638179884244	1.76605527711954	49.7287613575	hsa-miR-142-5p
8612.703397875	8563.5730965625	0.971368567594896	0.0624996826135488	-49.1303013124962	hsa-miR-24-3p
238.33972546375	192.73565645125	0.783638179884244	1.85054389004308	-45.6040690125	hsa-miR-136-5p
331.779559475	375.769133725	0.783638179884244	3.54750633984371	43.98957425	hsa-miR-425-5p
8599.620840125	8555.9274800625	0.972316886161454	0.0555036814451487	-43.6933600624998	hsa-miR-3074-5p
298.491867425	256.36309865625	0.856029462152595	0.588451367679731	-42.1287687687501	hsa-miR-1296-5p
238.2541030125	197.804026914375	0.783638179884244	3.33815583354045	-40.450076098125	hsa-miR-138-5p
369.5037858875	329.12359234375	0.783638179884244	1.79077165620033	-40.38019354375	hsa-miR-30e-3p
113.05868428625	152.144870646875	0.783638179884244	1.23940077038846	39.086186360625	hsa-miR-192-5p
265.69127215	227.701327355	0.783638179884244	1.57346503660447	-37.9899447949999	hsa-miR-652-3p
316.1889287	279.18450898125	0.783638179884244	1.21067454766462	-37.0044197187499	hsa-miR-199a-3p
257.72562439125	221.313500625625	0.783638179884244	1.11507544577387	-36.4121237656249	hsa-miR-106b-3p
472.456002	436.31764959375	0.783638179884244	1.12173986247282	-36.1383524062499	hsa-miR-30c-5p
2977.712313625	2944.4061653125	0.943519091985859	0.179773003253899	-33.3061483124993	hsa-miR-222-3p
1394.1548873	1360.918940275	0.930957172602149	0.284201948801784	-33.2359470249999	hsa-miR-146a-5p
896.1042452125	928.796220825	0.895274555372731	0.418657947726743	32.6919756125002	hsa-miR-92b-3p
1173.663986075	1205.22502995625	0.91208797007112	0.335384283651854	31.56104388125	hsa-miR-382-5p
3385.276591625	3354.1959746875	0.966297204796014	0.111342980885371	-31.0806169374996	hsa-miR-140-3p
594.0563198625	563.37702098125	0.856029462152595	0.589023890050932	-30.6792988812499	hsa-miR-1298-5p
193.6553621875	224.27114148125	0.783638179884244	1.55301004720131	30.6157792937501	hsa-miR-363-3p
239.4616154375	208.927387625	0.783638179884244	2.31483332513541	-30.5342278124999	hsa-miR-487b-3p
204.2184166375	173.7663000125	0.783638179884244	2.60156136091439	-30.452116625	hsa-miR-127-5p
41.8450838175	71.7264481675	0.783638179884244	2.95765307262727	29.88136435	hsa-miR-146b-5p
597.3767265625	627.2468535	0.783638179884244	1.17063191445499	29.8701269375	hsa-miR-99b-3p
632.6174791125	604.5150088625	0.783638179884244	0.942753820995179	-28.1024702499999	hsa-miR-10b-5p
32.44726646875	59.67306626375	0.783638179884244	2.10636604945104	27.225799795	hsa-miR-532-5p
446.5729324625	419.37213264375	0.783638179884244	1.04915675327532	-27.2007998187499	hsa-miR-22-5p
104.73605386	78.14978001875	0.783638179884244	4.6738034488394	-26.58627384125	hsa-miR-655-3p
283.2859226	309.0428558	0.783638179884244	1.67681258012378	25.7569332	hsa-miR-212-5p
131.09876427	105.512520570625	0.783638179884244	3.60261274083503	-25.5862436993749	hsa-miR-195-5p
209.2908329	184.50862386875	0.783638179884244	2.61800673075697	-24.78220903125	hsa-miR-139-3p
327.0881003375	351.8297060375	0.798505127369774	0.800422943514275	24.7416057	hsa-miR-361-3p
256.6376906125	232.7394017125	0.783638179884244	1.62883070443866	-23.8982888999999	hsa-miR-361-5p
103.13392258	126.050750778125	0.783638179884244	2.38030875481299	22.9168281981249	hsa-miR-138-2-3p
32.65822419625	55.12102983625	0.783638179884244	3.55180992481161	22.46280564	hsa-miR-223-5p
219.6138291875	241.8708675	0.783638179884244	1.43868095627754	22.2570383125	hsa-miR-767-5p
181.72308612125	203.94589861125	0.805633782694004	0.755779055418899	22.22281249	hsa-miR-26b-5p
210.9554516375	230.9770091375	0.783638179884244	2.0589697522768	20.0215575	hsa-miR-370-3p
97.90088732875	77.90690916625	0.783638179884244	3.27592982302429	-19.9939781625	hsa-miR-151a-5p
105.7260033375	86.317817608125	0.783638179884244	2.9354985634371	-19.408185729375	hsa-miR-421
57.14522896625	75.863053053125	0.783638179884244	3.78071092349004	18.717824086875	hsa-miR-1307-3p
20.6718221305	38.9984063816875	0.783638179884244	1.84045855061299	18.3265842511875	hsa-miR-16-2-3p
140.62431804625	122.36560672875	0.783638179884244	1.12949240843047	-18.2587113175	hsa-miR-29c-3p
320.98168325	303.7101607375	0.860262515837753	0.56417019405637	-17.2715225124999	hsa-miR-411-5p
15.914574518625	32.249844430625	0.783638179884244	7.26659469793346	16.335269912	hsa-miR-223-3p
152.7094294125	136.589471063125	0.783638179884244	1.29360277713178	-16.1199583493749	hsa-miR-30b-5p
321.93742535	337.2690539425	0.932135355268534	0.251748491793221	15.3316285925001	hsa-miR-23a-3p
660.7605604875	675.8102795	0.932210879748883	0.22699890297458	15.0497190125003	hsa-let-7d-3p
445.460371	430.4420754875	0.854092760008887	0.613028554166083	-15.0182955125	hsa-miR-30a-3p
159.34205533375	144.33340585875	0.783638179884244	1.3070208053754	-15.0086494749999	hsa-miR-378d
526.239999475	511.248479275	0.889430341049113	0.450151029245856	-14.9915202	hsa-miR-500a-3p
216.90879395	202.198957725625	0.86609832348135	0.552308692122798	-14.7098362243749	hsa-miR-129-2-3p
12.363078897375	26.7504324365	0.796251824705123	0.827905459318709	14.387353539125	hsa-miR-144-3p
325.19817375	339.23946425	0.802677183796113	0.772355324297463	14.0412905000001	hsa-miR-125b-1-3p
138.77900490875	152.695492935625	0.823762018557452	0.706349880057262	13.916488026875	hsa-miR-484
75.38625335125	89.24346801625	0.783638179884244	2.40980237321289	13.857214665	hsa-miR-149-5p
251.0818692875	237.61908284375	0.839182108741538	0.664668939961628	-13.4627864437499	hsa-miR-378c
73.3615997175	60.36128913875	0.783638179884244	3.24876974892864	-13.00031057875	hsa-miR-377-3p
84.3679710575	71.580233130625	0.783638179884244	1.79393148405111	-12.787737926875	hsa-miR-137
92.05195312375	79.28202024375	0.783638179884244	1.97359678876856	-12.76993288	hsa-miR-499b-3p
34.0862825	46.84036248375	0.783638179884244	1.51992221832047	12.75407998375	hsa-miR-182-5p
92.15455047875	79.409338796875	0.783638179884244	1.97911265576909	-12.745211681875	hsa-miR-499a-5p
160.05872768625	147.444827513125	0.801107641282683	0.785782293352272	-12.6139001731249	hsa-miR-129-1-3p
73.131296425	85.50487448875	0.783638179884244	1.20216666956232	12.37357806375	hsa-miR-212-3p
70.3727013025	58.06163218125	0.783638179884244	2.03662940588815	-12.31106912125	hsa-miR-219b-3p
70.42357898375	58.169479326875	0.783638179884244	2.01747854790103	-12.254099656875	hsa-miR-219a-5p
52.85253137875	40.609686900625	0.783638179884244	2.04032584690478	-12.242844478125	hsa-miR-153-3p
439.6290952625	427.53995141875	0.889430341049113	0.458037826148029	-12.08914384375	hsa-miR-10a-5p
78.02248490625	65.944053376875	0.783638179884244	2.20632916311492	-12.078431529375	hsa-miR-181c-3p
69.344112615	57.550610375	0.783638179884244	3.93641972807054	-11.79350224	hsa-miR-532-3p
230.708861775	219.1820962125	0.831544755727355	0.680066589177527	-11.5267655625	hsa-miR-873-3p
239.776983625	228.472917425	0.889430341049113	0.453051606765777	-11.3040662	hsa-miR-335-5p
48.7484211125	37.55965472625	0.783638179884244	6.63799649994077	-11.18876638625	hsa-miR-133a-3p
360.807106075	371.83010296875	0.932210879748883	0.238352879682712	11.0229968937501	hsa-miR-339-3p
77.7676248025	66.749604930625	0.783638179884244	1.96358284487398	-11.018019871875	hsa-let-7i-3p
56.03226386375	45.02340706225	0.783638179884244	1.48798426615192	-11.0088568015	hsa-miR-199b-5p
46.71227476	36.226933063125	0.783638179884244	2.76587099332936	-10.485341696875	hsa-miR-1197
79.751812965	69.479293958125	0.783638179884244	1.51191538179709	-10.272519006875	hsa-miR-181c-5p
50.57906490125	40.5173683575	0.783638179884244	1.92623933924784	-10.06169654375	hsa-miR-1-3p
98.04086159375	108.0374036475	0.845328644570214	0.64315269310996	9.99654205375001	hsa-miR-320d
86.00052574875	95.651420165625	0.783638179884244	1.03933412656931	9.65089441687502	hsa-miR-93-5p
1659.69469925	1669.1943938125	0.971088162157449	0.0838655851115123	9.4996945624996	hsa-miR-708-3p
19.216363601875	28.639291834875	0.783638179884244	1.09815213710408	9.422928233	hsa-miR-142-3p
67.49420412625	58.14846355875	0.783638179884244	1.17526501866742	-9.34574056749999	hsa-miR-29b-3p
45.2006916775	36.034973569375	0.783638179884244	2.32555198599059	-9.16571810812499	hsa-miR-542-3p
73.14901218625	64.00299147	0.783638179884244	1.59278769016265	-9.14602071624999	hsa-miR-505-3p
160.00592409	150.92802404125	0.889430341049113	0.459761691029376	-9.07790004874997	hsa-miR-140-5p
46.19276069125	37.1756548275	0.783638179884244	3.43033497158047	-9.01710586374998	hsa-miR-377-5p
31.8986041125	22.933614663125	0.783638179884244	3.71558576997505	-8.96498944937501	hsa-miR-539-3p
106.81394598125	98.356605578125	0.783638179884244	1.56928936807375	-8.457340403125	hsa-miR-181a-3p
82.63678846	91.022282905	0.893172978199552	0.436006984357312	8.38549444500001	hsa-miR-16-5p
97.083107215	89.23013929	0.798505127369774	0.799889763214463	-7.852967925	hsa-miR-490-5p
3.0254961025	10.55819448275	0.783638179884244	1.14042531210263	7.53269838025	hsa-miR-144-5p
104.28201165125	96.830499546875	0.855118785391359	0.60265756017238	-7.451512104375	hsa-miR-145-5p
55.58228644625	48.14490078375	0.783638179884244	1.01057165162157	-7.43738566250001	hsa-miR-29c-5p
49.28465680375	41.848436778125	0.783638179884244	1.8843357186304	-7.43622002562499	hsa-miR-190b
69.744285765	62.331352963125	0.783638179884244	1.91370090660376	-7.41293280187498	hsa-miR-200a-3p
25.83720851375	33.238786469375	0.783638179884244	3.63691775993231	7.401577955625	hsa-miR-28-3p
86.78308957125	79.592541655	0.783638179884244	1.14921601039332	-7.19054791624998	hsa-miR-873-5p
59.9080389775	52.8082222775	0.783638179884244	2.0303886591176	-7.09981669999998	hsa-miR-24-1-5p
59.48044207	52.39911604125	0.783638179884244	1.99715253354279	-7.08132602874999	hsa-miR-3074-3p
51.0996453975	44.169626734375	0.783638179884244	1.8782359686239	-6.93001866312499	hsa-miR-592
456.1812451375	449.31045238125	0.950650880972324	0.147260726186345	-6.8707927562499	hsa-miR-885-5p
40.42549678875	33.832300678125	0.783638179884244	2.64123231055026	-6.59319611062499	hsa-miR-450a-5p
82.71537432875	76.503422735625	0.783638179884244	0.909597676125506	-6.21195159312498	hsa-miR-19b-3p
10.2288211685	16.341940836	0.783638179884244	1.96403132686392	6.1131196675	hsa-miR-126-5p
45.4126637075	39.30336014	0.783638179884244	1.39183111392711	-6.10930356749999	hsa-miR-497-5p
26.2221556875	32.322815276875	0.783638179884244	1.1134833748327	6.100659589375	hsa-miR-193a-5p
175.5756065625	181.51324331875	0.85799335553686	0.570091442069076	5.9376367562501	hsa-miR-501-3p
21.100310165	27.016341948125	0.783638179884244	2.65900852217413	5.916031783125	hsa-miR-138-1-3p
31.848221985	26.0571453926875	0.783638179884244	1.64237553994049	-5.79107659231249	hsa-miR-708-5p
4.38027718825	10.1341361239375	0.783638179884244	2.31082754078068	5.7538589356875	hsa-miR-3615
52.5308936475	46.884940413125	0.789669923313764	0.867091931792757	-5.64595323437501	hsa-miR-374b-5p
52.5308936475	46.884940413125	0.789669923313764	0.867091931792757	-5.64595323437501	hsa-miR-374c-3p
32.984244805125	38.5375640375	0.856029462152595	0.586127211017847	5.55331923237501	hsa-miR-629-5p
45.3551601425	50.830686469375	0.783638179884244	2.32967171483266	5.47552632687501	hsa-miR-148a-5p
12.056556786625	17.446052773	0.783638179884244	2.53622672713505	5.389495986375	hsa-miR-584-5p
150.83603507625	156.2067319625	0.911970244145485	0.34371818902644	5.37069688625004	hsa-miR-194-5p
29.8795840475	24.744006745	0.783638179884244	1.66007326110488	-5.1355773025	hsa-miR-450b-5p
165.33152358125	170.460713385	0.930957172602149	0.292147490328946	5.12918980375002	hsa-miR-326
37.5251240125	42.492100914375	0.783638179884244	0.943104332665489	4.96697690187501	hsa-miR-34b-3p
101.34800520625	106.24193250875	0.853491481712226	0.616212400755004	4.89392730250003	hsa-miR-375
321.15223785	316.316019025	0.932210879748883	0.245684213509571	-4.83621882499989	hsa-miR-125a-3p
1.337352450125	6.1733163424375	0.783638179884244	4.1611011230783	4.8359638923125	hsa-miR-625-3p
17.14794044125	12.3466510868125	0.783638179884244	5.70909855374485	-4.8012893544375	hsa-miR-335-3p
25.15959868375	20.484241979875	0.783638179884244	2.9216551468951	-4.675356703875	hsa-miR-151b
15.61152852125	10.996556261	0.783638179884244	5.08298635455978	-4.61497226025	hsa-miR-15a-5p
50.2983890525	54.850703519375	0.783638179884244	1.32614916723678	4.55231446687498	hsa-miR-187-3p
11.644465732125	7.191038417875	0.783638179884244	4.76452713916633	-4.45342731425	hsa-miR-449a
21.2128471425	25.6312855918125	0.783638179884244	1.26127363886781	4.4184384493125	hsa-miR-505-5p
34.4751237975	38.750716958125	0.783638179884244	1.32262147184368	4.27559316062499	hsa-miR-331-5p
25.533971975	21.3465927275	0.783638179884244	3.94523054250345	-4.1873792475	hsa-miR-346
17.824100629375	21.99594600225	0.783638179884244	1.54941254718087	4.171845372875	hsa-miR-17-5p
49.2935024375	53.453222706875	0.783638179884244	1.13125729120235	4.15972026937499	hsa-miR-155-5p
661.654766275	665.72482860625	0.971588092969546	0.0599405549548603	4.07006233125014	hsa-let-7d-5p
66.96868588625	62.949074579375	0.893613700950832	0.433292930885607	-4.01961130687501	hsa-miR-32-5p
750.1886662375	746.24360109375	0.971088162157449	0.0803128860664145	-3.94506514374984	hsa-miR-502-3p
79.05715829625	82.967293215	0.91067901600057	0.374336234822775	3.91013491875	hsa-miR-199a-5p
9.710143391125	13.57149147475	0.783638179884244	2.99463132550571	3.861348083625	hsa-miR-150-5p
12.162195392875	8.3433334853125	0.783638179884244	3.71796146471247	-3.8188619075625	hsa-let-7f-2-3p
13.836637445	10.08463643775	0.783638179884244	3.07869948712325	-3.75200100725	hsa-miR-324-3p
36.33427373375	32.63879587875	0.783638179884244	1.1754935999913	-3.695477855	hsa-miR-185-3p
43.83392009625	47.461192208125	0.889304775173887	0.478580325025084	3.62727211187502	hsa-miR-20a-5p
15.27990020075	11.6561586079375	0.783638179884244	1.92094532861228	-3.6237415928125	hsa-miR-337-3p
9.932360715875	6.3229454701875	0.783638179884244	4.76074881786509	-3.6094152456875	hsa-miR-628-5p
46.81739072875	43.27866538625	0.895274555372731	0.419887295463367	-3.53872534250001	hsa-miR-135a-5p
57.79793234875	54.369691079375	0.856029462152595	0.587677427255112	-3.42824126937501	hsa-miR-382-3p
71.7775751225	75.1926659675	0.907220311996702	0.391704063094487	3.41509084500001	hsa-miR-154-5p
7.251789658625	3.870239379	0.783638179884244	5.96383113870185	-3.381550279625	hsa-miR-582-5p
12.475354966625	9.19747124525	0.783638179884244	2.76431081091628	-3.277883721375	hsa-miR-27b-5p
31.021423745	27.80584177125	0.783638179884244	1.56726632193072	-3.21558197374999	hsa-miR-216b-5p
38.84436918	35.642493246875	0.786590331966	0.882368540998319	-3.201875933125	hsa-miR-1306-3p
13.867200135125	10.6947269758125	0.783638179884244	3.0790909911897	-3.1724731593125	hsa-miR-99a-3p
47.3825354975	50.343597134375	0.823762018557452	0.697367749024182	2.96106163687501	hsa-miR-134-5p
39.1149234125	36.168107558125	0.783638179884244	0.95710112247417	-2.946815854375	hsa-miR-376a-3p
27.98594751375	25.12509652125	0.783638179884244	1.19003987536843	-2.86085099249999	hsa-miR-188-5p
2.7123212195	5.4975909278125	0.783638179884244	5.38599017687279	2.7852697083125	hsa-miR-4433a-5p
2.7123212195	5.4975909278125	0.783638179884244	5.38599017687279	2.7852697083125	hsa-miR-4433b-3p
2.499292800125	5.056606896375	0.783638179884244	3.01637504257017	2.55731409625	hsa-miR-24-2-5p
18.5030182495	15.967171202375	0.783638179884244	1.64141764708672	-2.535847047125	hsa-miR-1307-5p
127.27855735375	124.78939243875	0.932210879748883	0.23454564242494	-2.489164915	hsa-miR-425-3p
1.226373954875	3.7098484365	0.783638179884244	3.81937131549591	2.483474481625	hsa-miR-342-5p
3.076908197625	5.54400294725	0.783638179884244	2.18735759775886	2.467094749625	hsa-miR-3065-3p
3.076908197625	5.54400294725	0.783638179884244	2.18735759775886	2.467094749625	hsa-miR-338-5p
17.0959693715	19.533866338875	0.854539155864424	0.609257097271741	2.437896967375	hsa-miR-323a-5p
1.4801085155	3.865849724875	0.783638179884244	2.24786263631095	2.385741209375	hsa-miR-345-5p
26.59446108375	24.239858501375	0.853491481712226	0.618176740743257	-2.354602582375	hsa-miR-30d-3p
19.37479279125	17.0671837514375	0.783638179884244	1.47187693711628	-2.3076090398125	hsa-miR-337-5p
16.68339561475	14.444148293	0.853110305013152	0.621712171333595	-2.23924732175	hsa-miR-15b-5p
1555.9638813	1553.7472382125	0.993386609421715	0.00957279511351004	-2.21664308749951	hsa-miR-125a-5p
10.959106482375	8.7597995435625	0.783638179884244	2.33817181993541	-2.1993069388125	hsa-miR-301a-5p
21.0544273	18.8764276875	0.783638179884244	1.18287287807037	-2.1779996125	hsa-miR-23b-5p
0.44371646725	2.5287954341875	0.783638179884244	3.33741065166075	2.0850789669375	hsa-miR-625-5p
17.37269689625	15.3242795645	0.783638179884244	1.30239902022222	-2.04841733175	hsa-let-7f-1-3p
5.51068023175	7.5390518263125	0.783638179884244	1.63536715657723	2.0283715945625	hsa-miR-128-2-5p
12.358134521375	14.385350828	0.880143946720104	0.50228255980552	2.027216306625	hsa-miR-1912
1176.714412325	1174.70457961875	0.984893235003149	0.0269441612638593	-2.00983270624943	hsa-miR-125b-2-3p
14.65400613125	12.6677571686875	0.783638179884244	1.52367494592186	-1.9862489625625	hsa-miR-452-5p
8.45101699075	10.4254396385625	0.783638179884244	1.0952011387281	1.9744226478125	hsa-miR-215-5p
216.596590625	218.54429628375	0.971651769531357	0.0581674773318832	1.94770565875007	hsa-miR-204-5p
0.483890738875	2.4230836928125	0.783638179884244	1.91312539066148	1.9391929539375	hsa-miR-3158-3p
0.483890738875	2.4230836928125	0.783638179884244	1.91312539066148	1.9391929539375	hsa-miR-3158-5p
7.841653452	5.90290638525	0.783638179884244	3.49577126590459	-1.93874706675	hsa-miR-96-5p
3.803035319375	5.703193326125	0.783638179884244	2.79875842268574	1.90015800675	hsa-miR-342-3p
16.933748914375	15.0887561861875	0.794192446657479	0.842282475946645	-1.84499272818749	hsa-miR-539-5p
72.74870447125	70.92477150125	0.930957172602149	0.29244949292672	-1.82393296999997	hsa-miR-28-5p
8.491486609	6.685322081625	0.783638179884244	2.29671385049057	-1.806164527375	hsa-miR-299-5p
13.58549889675	15.373646929	0.783638179884244	1.34198499766975	1.78814803225	hsa-let-7g-3p
2.4876384015	4.246880452375	0.783638179884244	4.44119419330287	1.759242050875	hsa-miR-3120-3p
77.3583232625	79.1150925	0.889430341049113	0.460176568436751	1.7567692375	hsa-miR-195-3p
62.89846928375	61.150953868125	0.911970244145485	0.355595976054476	-1.747515415625	hsa-miR-339-5p
76.81459887125	75.088636399375	0.934263294669225	0.215173189399719	-1.72596247187498	hsa-miR-885-3p
2.4876384015	4.1898608878125	0.783638179884244	4.293791803424	1.7022224863125	hsa-miR-214-5p
2.509034359125	4.2031664515	0.783638179884244	1.60385051983873	1.694132092375	hsa-miR-27a-5p
11.95514814125	13.64140196125	0.783638179884244	1.18923031879107	1.68625382	hsa-miR-1306-5p
11.593088305375	9.9322078119375	0.783638179884244	1.03938464872064	-1.6608804934375	hsa-miR-143-5p
1.27750614975	2.91368697775	0.783638179884244	2.54830065477533	1.636180828	hsa-miR-941
7.109639321875	8.6900643725625	0.783638179884244	1.92129207938772	1.5804250506875	hsa-miR-424-3p
12.926682074625	11.4078191385	0.783638179884244	1.01525975730982	-1.51886293612499	hsa-miR-200b-3p
1.190168227625	2.6985453260625	0.783638179884244	5.54129743057717	1.5083770984375	hsa-miR-200b-5p
30.8312588025	32.330062625	0.91067901600057	0.377044440498436	1.4988038225	hsa-miR-935
17.547204655	16.0696334358125	0.853110305013152	0.621202335072761	-1.4775712191875	hsa-miR-106b-5p
114.68454500125	113.228379548125	0.945302545325929	0.171831277788708	-1.45616545312495	hsa-miR-221-5p
9.920973558	11.367479758875	0.783638179884244	1.59827912808307	1.446506200875	hsa-let-7c-3p
8.824135769625	7.3816217648125	0.798505127369774	0.794877265216551	-1.4425140048125	hsa-miR-331-3p
5.3984430905	3.9856113691875	0.783638179884244	2.65004809116911	-1.4128317213125	hsa-miR-98-3p
18.7525410475	17.3608609158125	0.794192446657479	0.844444394512733	-1.39168013168749	hsa-miR-128-1-5p
11.960538315875	10.577570973625	0.783638179884244	1.06089166377471	-1.38296734225	hsa-miR-876-3p
0.86281080225	2.211709243375	0.783638179884244	3.80945667866242	1.348898441125	hsa-miR-511-5p
35.69914350875	37.018436216875	0.932135355268534	0.254500374029415	1.31929270812502	hsa-let-7e-3p
28.89455906125	30.198184098125	0.895274555372731	0.423062873201998	1.30362503687499	hsa-miR-1251-5p
12.606498554375	13.898033096375	0.907772996279546	0.388768274587979	1.291534542	hsa-miR-193b-5p
56.55407848	57.838769781875	0.932284281238813	0.22355107445003	1.284691301875	hsa-miR-7-1-3p
27.595973945	26.327845122375	0.91067901600057	0.376420234183757	-1.26812882262499	hsa-miR-7641
4.280782555375	3.0806642365625	0.783638179884244	2.49931207145087	-1.2001183188125	hsa-miR-133b
6.59091447325	5.398161342	0.783638179884244	1.15618433004119	-1.19275313125	hsa-miR-33a-5p
1.490293603	0.3120212146875	0.783638179884244	5.44905030554722	-1.1782723883125	hsa-miR-3607-3p
5.651168733625	6.815980486625	0.783638179884244	1.43515029424368	1.164811753	hsa-miR-671-5p
3.0692975175	1.9071531331875	0.783638179884244	2.87326794628679	-1.1621443843125	hsa-miR-656-5p
20.9076330875	19.762043246875	0.798505127369774	0.808358738346961	-1.14558984062499	hsa-miR-203b-5p
19.71658133125	20.84333537725	0.893172978199552	0.437407194233368	1.126754046	hsa-miR-365a-3p
20.9076330875	19.795423615	0.802677183796113	0.77842293984542	-1.11220947249999	hsa-miR-203a-3p
21.53987624625	22.642001465625	0.911970244145485	0.366975438629821	1.102125219375	hsa-miR-744-3p
7.739008543125	6.6516563965	0.783638179884244	0.959479630089988	-1.087352146625	hsa-miR-10a-3p
5.706022387	6.7573688766875	0.783638179884244	0.929496109999915	1.0513464896875	hsa-miR-19a-3p
3.428744536	4.46894315075	0.783638179884244	1.33321954363364	1.04019861475	hsa-miR-3064-5p
0.212703782	1.2300752628125	0.783638179884244	3.33458592530114	1.0173714808125	hsa-miR-942-5p
3.963100305	4.931169736625	0.783638179884244	1.4092185274464	0.968069431625	hsa-miR-671-3p
0.8452287895	1.8042623678125	0.783638179884244	3.09179911204134	0.9590335783125	hsa-miR-493-3p
2.599603603875	1.6478329900625	0.783638179884244	3.49269025805585	-0.9517706138125	hsa-miR-376a-5p
260.171553	259.22006323125	0.971368567594896	0.0619470450118648	-0.951489768749923	hsa-miR-145-3p
0.227164732125	1.1762309505625	0.783638179884244	3.86189497710908	0.9490662184375	hsa-miR-1285-3p
3.680163168875	2.7387763485	0.783638179884244	1.38866184720478	-0.941386820375	hsa-miR-628-3p
1.26099239425	2.19653121175	0.783638179884244	1.00017590241349	0.9355388175	hsa-miR-576-3p
18.5587414825	17.6235302746875	0.930957172602149	0.282073350302687	-0.935211207812493	hsa-miR-374a-5p
2.7325289005	3.6465090949375	0.783638179884244	1.62697671305527	0.913980194437501	hsa-miR-676-3p
0.404633210875	1.3111113105625	0.783638179884244	3.34337534220068	0.9064780996875	hsa-miR-664a-5p
1.6482621485	0.7477618209375	0.783638179884244	3.03530387411563	-0.9005003275625	hsa-miR-615-3p
37.23892348	36.3912792525	0.934263294669225	0.205232545558072	-0.847644227499991	hsa-miR-411-3p
4.6541180145	3.806745898	0.783638179884244	1.05209223951612	-0.847372116500001	hsa-miR-491-5p
87.0208546725	87.863151980625	0.971088162157449	0.0887198222781858	0.842297308124969	hsa-miR-34c-3p
2.68799515975	1.849683147125	0.783638179884244	1.98285368396015	-0.838312012624999	hsa-miR-551b-3p
0.52268942375	1.35798459225	0.783638179884244	1.47908036631578	0.8352951685	hsa-miR-21-3p
6.425488975	7.2484475720625	0.801107641282683	0.78559556304014	0.822958597062501	hsa-miR-340-3p
0.300569343	1.0979453660625	0.783638179884244	2.88498760145996	0.7973760230625	hsa-miR-6852-5p
1.55758314375	2.346260612875	0.783638179884244	1.7235551675792	0.788677469125	hsa-miR-1180-3p
1.166000821875	0.3998058123125	0.783638179884244	6.48138165661548	-0.7661950095625	hsa-miR-495-5p
5.098478948375	4.356419731875	0.783638179884244	1.31475755686493	-0.742059216499999	hsa-miR-378g
44.42993732	43.690469824375	0.929881049102139	0.299897899616138	-0.739467495624993	hsa-miR-431-3p
1.0706937435	1.8045084524375	0.783638179884244	2.74607795005675	0.7338147089375	hsa-miR-764
0.332468677875	1.05289984175	0.783638179884244	3.09882231307719	0.720431163875	hsa-miR-95-3p
75.88510269125	75.1658808675	0.971088162157449	0.0671684170858845	-0.719221823750004	hsa-miR-183-5p
6.750708852	6.0525887	0.802677183796113	0.768790322503606	-0.698120152	hsa-miR-424-5p
0.405591284625	1.1011357415625	0.783638179884244	1.54633365643318	0.6955444569375	hsa-miR-1301-3p
7.330674868625	8.01395680275	0.802677183796113	0.772536506091056	0.683281934125	hsa-miR-551b-5p
0	0.6766318940625	0.783638179884244	4.53822932919548	0.6766318940625	hsa-miR-3605-5p
1.28294201075	0.606537921125	0.783638179884244	3.31562874129513	-0.676404089625	hsa-miR-29a-5p
0.760418170625	1.429662730375	0.783638179884244	1.93710852872744	0.66924455975	hsa-miR-2110
1.8754324895	1.2154957756875	0.783638179884244	1.65922534600764	-0.6599367138125	hsa-miR-130b-5p
5.55393226025	4.8963732965625	0.805633782694004	0.753297216382299	-0.657558963687499	hsa-miR-20b-5p
1.319242660875	1.9760257215	0.783638179884244	1.13184117662532	0.656783060625	hsa-miR-769-5p
1.143289915	0.5034132810625	0.783638179884244	7.63005836189248	-0.6398766339375	hsa-miR-301a-3p
2.7360354695	2.0991499439375	0.786590331966	0.883783740560908	-0.6368855255625	hsa-miR-378e
1.886115375875	1.249648743	0.783638179884244	2.4284603117906	-0.636466632875	hsa-miR-758-5p
13.284982924625	13.904315668625	0.876670220220871	0.515973591432163	0.619332744000001	hsa-miR-758-3p
1.998323362125	1.391223170375	0.783638179884244	2.38111452316419	-0.607100191749999	hsa-miR-1224-3p
371.0278861	371.63418355	0.99287892091453	0.0136173386854018	0.606297450000056	hsa-miR-874-3p
0.094739930875	0.6998757301875	0.783638179884244	2.39139448858561	0.6051357993125	hsa-miR-1255b-5p
0.433589336375	1.0345460725625	0.783638179884244	3.35428642703202	0.6009567361875	hsa-miR-31-3p
4.300331824625	4.8969071464375	0.798505127369774	0.796102405695001	0.596575321812502	hsa-miR-10b-3p
0.094183023625	0.69041267325	0.783638179884244	5.07139182360081	0.596229649625	hsa-let-7b-3p
2.076753079875	2.656490928	0.784249134831004	0.899795269643246	0.579737848125	hsa-miR-455-3p
0.521313836875	1.0965198879375	0.783638179884244	2.05689446820669	0.5752060510625	hsa-miR-582-3p
0.227164732125	0.79955052525	0.783638179884244	1.72332029415772	0.572385793125	hsa-miR-548o-3p
0.71816337725	0.147419497625	0.783638179884244	5.98603739417875	-0.570743879625	hsa-miR-641
10.72961657975	11.29787598375	0.911970244145485	0.361772016956516	0.568259404000004	hsa-miR-224-5p
14.283976240125	13.7162364186875	0.919516689636775	0.321774435206387	-0.567739821437499	hsa-miR-34a-5p
0.414678603375	0.978323329125	0.783638179884244	1.5029045812779	0.56364472575	hsa-miR-150-3p
0.847178988375	1.405220972875	0.783638179884244	2.5298226512714	0.5580419845	hsa-miR-378i
0.92001650925	1.4770645819375	0.783638179884244	1.96784160095007	0.5570480726875	hsa-miR-1247-5p
10.411681094625	10.965207023875	0.889430341049113	0.455240777915263	0.553525929250004	hsa-miR-184
9.112746749	8.56493959975	0.882144671060313	0.496635764163989	-0.547807149249998	hsa-miR-487b-5p
0	0.53904833975	0.783638179884244	2.70093346128545	0.53904833975	hsa-miR-1299
0.359285076375	0.8858684585625	0.783638179884244	2.28909816958274	0.5265833821875	hsa-miR-494-3p
0.12512428475	0.6476140179375	0.783638179884244	1.61682076807325	0.5224897331875	hsa-miR-550a-3-5p
0.12512428475	0.6476140179375	0.783638179884244	1.61682076807325	0.5224897331875	hsa-miR-550a-5p
1.588498333	2.1020901828125	0.783638179884244	1.10036462634468	0.5135918498125	hsa-miR-181a-2-3p
1.465095018125	0.9529014513125	0.783638179884244	1.30762545732077	-0.5121935668125	hsa-miR-103a-2-5p
0.780964139	0.2762885088125	0.783638179884244	3.54252881100077	-0.5046756301875	hsa-miR-208b-3p
2.271882545	2.7751341229375	0.783638179884244	1.06154083442101	0.5032515779375	hsa-miR-889-5p
0.96978296	0.46820860575	0.783638179884244	1.8240142190224	-0.50157435425	hsa-miR-574-5p
5.435777269125	5.9365952798125	0.783868878191056	0.904299043630148	0.500818010687502	hsa-miR-148b-5p
1.696659516125	1.20155326475	0.783638179884244	2.2434302674638	-0.495106251374999	hsa-miR-500b-5p
3.232466513	3.7013847550625	0.805633782694004	0.752494957766242	0.468918242062501	hsa-miR-31-5p
0.45553998825	0.924322248875	0.783638179884244	2.27591434265259	0.468782260625	hsa-miR-548j-5p
5.3044175315	4.837525563375	0.856029462152595	0.597095859604262	-0.466891968125	hsa-miR-1291
2.876163039875	2.42683549325	0.783638179884244	1.15528558575921	-0.449327546625	hsa-miR-216a-5p
9.284089793875	8.836363348375	0.889430341049113	0.450102288317322	-0.447726445500003	hsa-miR-92b-5p
0.424598727125	0.8712054495625	0.783638179884244	1.83371578609779	0.4466067224375	hsa-miR-1273h-3p
0.60546643925	1.050478457125	0.783638179884244	1.89907164736098	0.445012017875	hsa-miR-105-3p
1.840881134625	2.2856754705	0.798505127369774	0.807894500456751	0.444794335875	hsa-miR-4433a-3p
3.01270857525	2.5708217775625	0.796251824705123	0.823334420067337	-0.441886797687499	hsa-miR-93-3p
1.342074568875	1.7832522764375	0.841992875231145	0.655439655447883	0.4411777075625	hsa-miR-4732-5p
2.5732585635	3.011746636625	0.805633782694004	0.753102692247883	0.438488073125	hsa-miR-302a-5p
0.12512428475	0.5563962313125	0.783638179884244	1.50052291596663	0.4312719465625	hsa-miR-550b-3p
11.30792561575	11.7379889763125	0.932135355268534	0.25380640704274	0.430063360562503	hsa-miR-378a-5p
15.72566686	16.1545377253125	0.934263294669225	0.209989628996162	0.428870865312499	hsa-miR-1264
0.296037704875	0.7233143359375	0.783638179884244	2.05327115731983	0.4272766310625	hsa-miR-196b-5p
14.7030610145	15.128839108375	0.94548103791378	0.169451476689826	0.425778093875008	hsa-miR-1343-3p
0.06228368875	0.4795182360625	0.783638179884244	3.7415019429641	0.4172345473125	hsa-miR-323b-3p
15.21106054375	15.627571029125	0.93605455147366	0.19930008573638	0.416510485374999	hsa-miR-210-3p
0.031899334875	0.447012525125	0.783638179884244	3.3149469775119	0.41511319025	hsa-miR-1273h-5p
13.077235255625	12.6657829623125	0.953525400060137	0.138300024490852	-0.411452293312497	hsa-miR-574-3p
0.367397974875	0.7785179780625	0.783638179884244	2.78807782056621	0.4111200031875	hsa-miR-6132
1.840881134625	2.2404830084375	0.823762018557452	0.695843922425864	0.3996018738125	hsa-miR-4433b-5p
2.121491779625	1.7223356216875	0.795981108141047	0.831995386122744	-0.399156157937499	hsa-miR-501-5p
9.610051157625	9.2130213221875	0.895215655998167	0.428709391598238	-0.397029835437499	hsa-miR-410-5p
0	0.3928503811875	0.783638179884244	3.83824397638385	0.3928503811875	hsa-miR-548k
0.429837404375	0.81633798975	0.783638179884244	1.36601940715587	0.386500585375	hsa-miR-17-3p
1.07422324025	1.4539125374375	0.786590331966	0.883830569868609	0.3796892971875	hsa-miR-654-3p
48.5967685125	48.975897530625	0.971088162157449	0.0730510943962655	0.379129018125013	hsa-let-7a-3p
1.13518620475	0.7592206545625	0.783638179884244	1.53093943873339	-0.375965550187499	hsa-miR-329-5p
1.617611679375	1.98904485525	0.85799335553686	0.571549388177129	0.371433175875	hsa-miR-4286
0.062840596	0.4290769553125	0.783638179884244	5.17454202230716	0.3662363593125	hsa-miR-30b-3p
0.227164732125	0.5894175505	0.783638179884244	2.30453599049029	0.362252818375	hsa-miR-1908-5p
1.615188467625	1.252993016625	0.783638179884244	1.16582066523153	-0.362195451	hsa-miR-181b-2-3p
1.853954957125	1.492400236125	0.783638179884244	1.09388357410687	-0.361554721	hsa-miR-6516-5p
0.684230439	0.322910067125	0.783638179884244	3.54699457375279	-0.361320371875	hsa-miR-34a-3p
24.72302632625	25.08232346625	0.943203421256566	0.18389481706194	0.35929714000001	hsa-miR-541-5p
30.78268218	31.13743748125	0.971088162157449	0.0863840715858949	0.354755301249998	hsa-miR-379-3p
2.974306551875	2.6202816498125	0.847522629095585	0.6372255822459	-0.3540249020625	hsa-miR-26b-3p
0.06379866975	0.41599546175	0.783638179884244	2.50662777651789	0.352196792	hsa-miR-1225-5p
1.89571126775	1.546085360125	0.798505127369774	0.79886929240376	-0.349625907624999	hsa-miR-106a-5p
0.5286835155	0.8743155045	0.783638179884244	1.019034995809	0.345631989	hsa-miR-503-5p
0	0.3322298771875	0.783638179884244	3.50491704560444	0.3322298771875	hsa-miR-1292-5p
9.38305214425	9.711494692875	0.930957172602149	0.286148145247433	0.328442548625004	hsa-miR-487a-3p
0.37217696875	0.04473722075	0.783638179884244	4.09412779685805	-0.327439748	hsa-miR-653-3p
0.215758724125	0.5421710840625	0.785355212096991	0.894285840047222	0.3264123599375	hsa-miR-374a-3p
3.056275245125	2.7334536421875	0.873331518969868	0.534005522216727	-0.3228216029375	hsa-miR-30c-1-3p
0.445900890875	0.1266956958125	0.783638179884244	2.61647246061029	-0.3192051950625	hsa-miR-216b-3p
0	0.3172638705	0.783638179884244	3.09353305313464	0.3172638705	hsa-miR-548ah-3p
0	0.3172638705	0.783638179884244	3.09353305313464	0.3172638705	hsa-miR-548p
0.72546389375	0.4091542983125	0.783638179884244	2.45466470043948	-0.3163095954375	hsa-miR-152-5p
0.082777015625	0.3964407708125	0.783638179884244	1.45281715077221	0.3136637551875	hsa-miR-642a-3p
0.082777015625	0.3964407708125	0.783638179884244	1.45281715077221	0.3136637551875	hsa-miR-642b-5p
0.102597354625	0.41469381925	0.783638179884244	1.73379511919087	0.312096464625	hsa-miR-4732-3p
0	0.3119073583125	0.783638179884244	3.93644627223677	0.3119073583125	hsa-miR-1250-5p
2.472794760625	2.7822643133125	0.871363140400996	0.541460832460358	0.309469552687501	hsa-miR-214-3p
5.78321972475	5.474290259	0.911970244145485	0.347322598197917	-0.308929465749999	hsa-miR-130b-3p
0.228679713125	0.534604713875	0.783638179884244	2.17662674743031	0.30592500075	hsa-miR-4446-3p
0.19649529225	0.50081078575	0.783638179884244	2.37378740472909	0.3043154935	hsa-miR-378f
0.997992592375	0.693963707875	0.783638179884244	1.7951305805712	-0.3040288845	hsa-miR-383-3p
0.529805963375	0.8312142295	0.783638179884244	1.08576081897923	0.301408266125	hsa-miR-6842-3p
5.182358139375	4.88141491125	0.889430341049113	0.458928436175087	-0.300943228125	hsa-miR-122-3p
0.39078324475	0.090068168375	0.783638179884244	3.30624432165645	-0.300715076375	hsa-miR-190a-5p
0.343356063625	0.643995550125	0.783638179884244	1.58008361811172	0.3006394865	hsa-miR-448
0	0.2941725166875	0.783638179884244	2.60789150418419	0.2941725166875	hsa-miR-939-5p
0.06228368875	0.350411663125	0.783638179884244	2.77186816237681	0.288127974375	hsa-miR-548f-5p
0.19649529225	0.480325286625	0.783638179884244	1.70837098336095	0.283829994375	hsa-miR-1287-5p
0	0.283786429	0.783638179884244	2.27131526960202	0.283786429	hsa-miR-412-5p
0.757925744875	0.47456703125	0.783638179884244	1.3222720319558	-0.283358713625	hsa-miR-3065-5p
0.757925744875	0.47456703125	0.783638179884244	1.3222720319558	-0.283358713625	hsa-miR-338-3p
0.06228368875	0.3446383090625	0.783638179884244	2.09432735234213	0.2823546203125	hsa-miR-431-5p
35.83563709	36.114202358125	0.971088162157449	0.0677930927804305	0.278565268125	hsa-miR-409-5p
3.2820021435	3.004290184875	0.87675046900894	0.513764220778932	-0.277711958625	hsa-miR-876-5p
13.407681663	13.1319691626875	0.950650880972324	0.150982573300021	-0.275712500312492	hsa-miR-30c-2-3p
0.06379866975	0.338994467375	0.783638179884244	2.4480429816055	0.275195797625	hsa-miR-376b-3p
0.951782058875	0.678462893125	0.783638179884244	0.917313680986541	-0.27331916575	hsa-miR-502-5p
0.234717698875	0.507266794125	0.783638179884244	1.02365487141742	0.27254909525	hsa-miR-6503-3p
3.91767333725	3.647051919875	0.899419984986645	0.410010104579049	-0.270621417375001	hsa-miR-135a-3p
5.952459052125	5.6861677425	0.91067901600057	0.377636185510953	-0.266291309624997	hsa-miR-3591-5p
0.65081457375	0.387362495875	0.783638179884244	2.00536313458224	-0.263452077875	hsa-miR-18a-3p
3.098970101875	2.836895630375	0.889304775173887	0.468555348509766	-0.2620744715	hsa-miR-29b-2-5p
3.437396639375	3.1789718384375	0.880143946720104	0.501976964941021	-0.2584248009375	hsa-miR-187-5p
0	0.2578484378125	0.783638179884244	3.26142682241033	0.2578484378125	hsa-miR-3138
0	0.2545454864375	0.783638179884244	1.94504495657195	0.2545454864375	hsa-miR-369-3p
0.230194694125	0.4800016241875	0.783638179884244	2.09075532010177	0.2498069300625	hsa-miR-363-5p
0.470296762	0.7196331581875	0.783638179884244	0.926740581093135	0.2493363961875	hsa-miR-16-1-3p
0.214218763	0.4629691194375	0.783638179884244	1.77522778658609	0.2487503564375	hsa-miR-1260b
3.878726838375	3.630064159625	0.930957172602149	0.282668326116912	-0.248662678749999	hsa-miR-26a-2-3p
0.57651031375	0.82445372875	0.783638179884244	0.921430532254063	0.247943415	hsa-miR-329-3p
0	0.246981884	0.783638179884244	3.4677177256781	0.246981884	hsa-miR-665
0.062840596	0.307646653	0.783638179884244	1.59352972440018	0.244806057	hsa-miR-146b-3p
1.534667831375	1.29632149925	0.876670220220871	0.517492219552682	-0.238346332125	hsa-miR-432-3p
0.541211971375	0.3032106551875	0.783638179884244	1.41956344117658	-0.2380013161875	hsa-miR-186-3p
4.877314474	5.11478690025	0.930957172602149	0.289112704133609	0.23747242625	hsa-miR-365a-5p
0.84785197625	0.61212181475	0.783638179884244	1.23265592848349	-0.2357301615	hsa-miR-362-3p
0.094739930875	0.3282245075625	0.783638179884244	2.30253949761321	0.2334845766875	hsa-miR-4800-5p
0.781365860125	1.014561024625	0.783638179884244	0.980228969356335	0.2331951645	hsa-miR-218-2-3p
0.13365469625	0.3660432955	0.783638179884244	1.15476014861989	0.23238859925	hsa-miR-877-5p
1.592565002	1.820959733375	0.880143946720104	0.504704374584549	0.228394731375	hsa-miR-589-5p
0.832166739875	1.0586169181875	0.783638179884244	0.92091749831533	0.2264501783125	hsa-miR-18a-5p
0.315301136625	0.0899296828125	0.783638179884244	2.88839674712234	-0.2253714538125	hsa-miR-3688-5p
0	0.2233411504375	0.783638179884244	2.60410221869753	0.2233411504375	hsa-miR-556-5p
7.142531545875	6.9195914434375	0.932210879748883	0.229579237404213	-0.222940102437499	hsa-miR-324-5p
0	0.2189311613125	0.783638179884244	2.35295540677138	0.2189311613125	hsa-miR-3064-3p
0	0.217472643	0.783638179884244	2.1495311373512	0.217472643	hsa-miR-147b
0	0.2173090050625	0.783638179884244	2.3374461218885	0.2173090050625	hsa-miR-193b-3p
0.05087768075	0.267867036625	0.783638179884244	1.90417674865356	0.216989355875	hsa-miR-670-5p
0	0.2148998656875	0.783638179884244	2.31766349187236	0.2148998656875	hsa-miR-1284
0.644880456	0.8580379139375	0.823762018557452	0.703197971561402	0.2131574579375	hsa-miR-32-3p
0.25369604475	0.0405556053125	0.783638179884244	2.54196400670578	-0.2131404394375	hsa-miR-6815-5p
0	0.211058806625	0.783638179884244	1.74272514595257	0.211058806625	hsa-miR-4326
0.25602392225	0.0451924620625	0.783638179884244	2.90654850125782	-0.2108314601875	hsa-miR-33b-5p
0.989311568625	0.7791339016875	0.85799335553686	0.571850357281236	-0.2101776669375	hsa-miR-101-5p
1.126612646125	0.9169882588125	0.85799335553686	0.577860871680516	-0.2096243873125	hsa-miR-374b-3p
1.4249207465	1.2175963976875	0.887576853770952	0.483657006188394	-0.2073243488125	hsa-miR-1248
0.20519470925	0	0.783638179884244	2.62895675225698	-0.20519470925	hsa-miR-365b-5p
0.237728747	0.0333803685	0.783638179884244	2.72578231173228	-0.2043483785	hsa-miR-4657
0.202818364	0	0.783638179884244	2.62828621498052	-0.202818364	hsa-miR-3677-3p
0.202818364	0	0.783638179884244	2.62828621498052	-0.202818364	hsa-miR-3682-3p
0.202818364	0	0.783638179884244	2.62828621498052	-0.202818364	hsa-miR-518b
32.44124467625	32.24077044375	0.971088162157449	0.0676658356268474	-0.200474232499992	hsa-miR-2113
0.237094044125	0.0396595245625	0.783638179884244	2.28682079179578	-0.1974345195625	hsa-miR-1249-5p
0	0.1951687125	0.783638179884244	2.08140486494639	0.1951687125	hsa-miR-2115-3p
0.27610128525	0.471213007	0.783638179884244	1.18128908391725	0.19511172175	hsa-miR-205-5p
0.06379866975	0.2573287385	0.783638179884244	2.09546098815408	0.19353006875	hsa-miR-378h
0.45194293625	0.259880824375	0.783638179884244	1.33367769912525	-0.192062111875	hsa-miR-3653-3p
0.5237108765	0.7122865434375	0.796251824705123	0.822111884240231	0.1885756669375	hsa-miR-191-3p
0.1344966895	0.3206851395	0.783638179884244	1.94741170604183	0.18618845	hsa-miR-548e-3p
0.18947986175	0.3752462095625	0.783638179884244	1.22792574435771	0.1857663478125	hsa-miR-3177-3p
0.46215425225	0.6479058415625	0.798243993119372	0.816174295024092	0.1857515893125	hsa-miR-433-5p
0.31653664075	0.13087731125	0.783638179884244	1.79148135901093	-0.1856593295	hsa-miR-504-5p
0.1853259025	0	0.783638179884244	3.41729090062474	-0.1853259025	hsa-miR-301b-5p
1.158559702	1.343322256875	0.856029462152595	0.588981169839408	0.184762554875001	hsa-miR-1277-5p
7.020979166	7.205466525625	0.94548103791378	0.168031519474332	0.184487359625001	hsa-miR-181b-3p
0.26661703375	0.0825948254375	0.783638179884244	1.61787200567232	-0.1840222083125	hsa-miR-551a
0.26661703375	0.08433398	0.783638179884244	1.86276062746458	-0.18228305375	hsa-miR-1298-3p
0.315301136625	0.1346669035	0.783638179884244	1.60681700991888	-0.180634233125	hsa-miR-3688-3p
0.33875247	0.158880561375	0.783638179884244	1.0822590107658	-0.179871908625	hsa-miR-301b-3p
0	0.1749938819375	0.783638179884244	1.98965453744098	0.1749938819375	hsa-miR-190a-3p
0	0.1720419468125	0.783638179884244	2.774402403929	0.1720419468125	hsa-miR-1271-5p
0.3304350745	0.50124652675	0.806136880264232	0.749345372512276	0.17081145225	hsa-miR-222-5p
3.614692393875	3.78529577275	0.932135355268534	0.261051944154539	0.170603378875001	hsa-miR-25-5p
0.202818364	0.0333803685	0.783638179884244	1.92038366887089	-0.1694379955	hsa-miR-6842-5p
0	0.16629262825	0.783638179884244	1.75604755265682	0.16629262825	hsa-miR-7849-3p
0.031899334875	0.1974726395625	0.783638179884244	2.10130277565852	0.1655733046875	hsa-miR-202-5p
0.44854392875	0.28740714775	0.783638179884244	1.16939222087387	-0.161136781	hsa-miR-328-5p
0.98503079125	1.1448421596875	0.902143167832145	0.403668277603776	0.1598113684375	hsa-miR-149-3p
5.850249700375	6.0091323848125	0.945653913651369	0.160738776365528	0.1588826844375	hsa-miR-217
0.202818364	0.04473722075	0.783638179884244	1.66570124699438	-0.15808114325	hsa-miR-92a-1-5p
0.202818364	0.0464805659375	0.783638179884244	1.62764433065557	-0.1563377980625	hsa-miR-153-5p
0	0.1557750210625	0.783638179884244	2.20213255136731	0.1557750210625	hsa-miR-19b-1-5p
2.698300941375	2.8526859278125	0.930957172602149	0.277497835588884	0.154384986437501	hsa-miR-500a-5p
0.153426567625	0	0.783638179884244	2.60675519224894	-0.153426567625	hsa-miR-3179
0.153426567625	0	0.783638179884244	2.60675519224894	-0.153426567625	hsa-miR-4715-3p
0.153426567625	0	0.783638179884244	2.60675519224894	-0.153426567625	hsa-miR-6125
0.06228368875	0.2152177225625	0.783638179884244	1.52895541334958	0.1529340338125	hsa-miR-1183
0.15042009325	0	0.783638179884244	2.60474618074875	-0.15042009325	hsa-miR-302b-3p
0.15042009325	0	0.783638179884244	2.60474618074875	-0.15042009325	hsa-miR-378b
0.15042009325	0	0.783638179884244	2.60474618074875	-0.15042009325	hsa-miR-4294
0.15042009325	0	0.783638179884244	2.60474618074875	-0.15042009325	hsa-miR-4770
0.15042009325	0	0.783638179884244	2.60474618074875	-0.15042009325	hsa-miR-518e-3p
0.15042009325	0	0.783638179884244	2.60474618074875	-0.15042009325	hsa-miR-6875-5p
0.06228368875	0.21233934425	0.783638179884244	1.35044185188387	0.1500556555	hsa-miR-548t-3p
0.094183023625	0.243078930375	0.783868878191056	0.905738642596193	0.14889590675	hsa-miR-429
69.61090572	69.7564994675	0.982462412364804	0.0346218350892452	0.145593747500016	hsa-miR-124-5p
0.094183023625	0.238624046	0.789669923313764	0.860963518917486	0.144441022375	hsa-miR-1304-5p
0.11371827675	0.2581465920625	0.783638179884244	1.18185620765021	0.1444283153125	hsa-miR-4492
0.366178817375	0.5104323479375	0.823762018557452	0.698707356540651	0.1442535305625	hsa-miR-4508
0.97876740525	1.122818342375	0.885135857527592	0.489689665557435	0.144050937125	hsa-miR-651-5p
0	0.14365132875	0.783638179884244	2.13916189814514	0.14365132875	hsa-miR-548ac
0	0.141021779875	0.783638179884244	2.2170641048032	0.141021779875	hsa-miR-3157-3p
0.153475035375	0.2944265064375	0.819132574671638	0.721785839961716	0.1409514710625	hsa-miR-6866-5p
0.125681192	0.26430152825	0.786590331966	0.884684156064401	0.13862033625	hsa-miR-576-5p
0.26510205275	0.4016652605625	0.794192446657479	0.843209116132649	0.1365632078125	hsa-miR-15b-3p
0.062840596	0.199390355625	0.783638179884244	1.53929427192338	0.136549759625	hsa-miR-1228-5p
0.102597354625	0.238624046	0.802677183796113	0.777717177750851	0.136026691375	hsa-miR-454-3p
0	0.1346669035	0.783638179884244	1.53649488677892	0.1346669035	hsa-miR-3605-3p
0	0.1342116621875	0.783638179884244	1.02884161931047	0.1342116621875	hsa-miR-5695
0	0.1342116621875	0.783638179884244	1.02884161931047	0.1342116621875	hsa-miR-605-3p
0	0.13414194	0.783638179884244	1.36591101231362	0.13414194	hsa-miR-422a
0.34775737875	0.479708944875	0.876045183373082	0.527434231965752	0.131951566125	hsa-miR-766-5p
0	0.13126978725	0.783638179884244	2.24357234450501	0.13126978725	hsa-miR-3199
0	0.130211517	0.783638179884244	1.46580919432019	0.130211517	hsa-miR-4686
0	0.1273320461875	0.783638179884244	1.55437224927952	0.1273320461875	hsa-miR-548aq-3p
0	0.1273320461875	0.783638179884244	1.55437224927952	0.1273320461875	hsa-miR-548g-5p
0.202818364	0.076210122125	0.783638179884244	1.19988669145564	-0.126608241875	hsa-miR-1273g-3p
0	0.1251789650625	0.783638179884244	2.11614391012572	0.1251789650625	hsa-miR-6734-5p
0	0.1251459974375	0.783638179884244	1.57685486559245	0.1251459974375	hsa-miR-1185-1-3p
0	0.1238578935625	0.783638179884244	1.56917007343171	0.1238578935625	hsa-miR-3180-5p
0	0.12340265225	0.783638179884244	1.56635219228361	0.12340265225	hsa-miR-6808-3p
0	0.1233100513125	0.783638179884244	2.21467099392828	0.1233100513125	hsa-miR-3124-5p
0	0.1233100513125	0.783638179884244	2.21467099392828	0.1233100513125	hsa-miR-548l
0	0.12315043075	0.783638179884244	1.52511213716697	0.12315043075	hsa-miR-3122
0.260293962	0.1386754058125	0.783638179884244	1.32725380045411	-0.1216185561875	hsa-miR-182-3p
0	0.119845210625	0.783638179884244	1.49883159911842	0.119845210625	hsa-miR-4772-3p
0	0.119845210625	0.783638179884244	1.49883159911842	0.119845210625	hsa-miR-6877-5p
0.1853259025	0.3051406704375	0.789669923313764	0.8599972368485	0.1198147679375	hsa-miR-542-5p
0	0.1192210368125	0.783638179884244	1.53790136330706	0.1192210368125	hsa-miR-6503-5p
1.754305097375	1.873429868625	0.934263294669225	0.206330020859388	0.11912477125	hsa-miR-130a-3p
0.412234645375	0.531107145	0.876670220220871	0.520082092141954	0.118872499625	hsa-miR-370-5p
0.094183023625	0.2128073715	0.783638179884244	0.911252134502776	0.118624347875	hsa-miR-3679-5p
0	0.117974317375	0.783638179884244	1.39410301152966	0.117974317375	hsa-miR-3909
0.304573725375	0.18768791125	0.795981108141047	0.831970650080657	-0.116885814125	hsa-miR-188-3p
0.15042009325	0.2670968256875	0.783638179884244	1.01651089477996	0.1166767324375	hsa-miR-193a-3p
0.202818364	0.0864173560625	0.783638179884244	1.03064833477044	-0.1164010079375	hsa-miR-6511b-5p
0	0.1153679744375	0.783638179884244	2.2120239605452	0.1153679744375	hsa-miR-6515-5p
0	0.114039129125	0.783638179884244	1.02672286107939	0.114039129125	hsa-miR-4470
0	0.114039129125	0.783638179884244	1.02672286107939	0.114039129125	hsa-miR-4654
0	0.1110378003125	0.783638179884244	1.6055456613363	0.1110378003125	hsa-miR-194-3p
0	0.1110378003125	0.783638179884244	1.6055456613363	0.1110378003125	hsa-miR-6837-3p
0.1131613695	0.2233637045	0.809438351677587	0.741203551907066	0.110202335	hsa-miR-299-3p
0.287081263875	0.1780177416875	0.783638179884244	0.943170719216171	-0.1090635221875	hsa-miR-4454
0	0.1083949876875	0.783638179884244	1.44146063163593	0.1083949876875	hsa-miR-20b-3p
0.031899334875	0.13961439	0.783638179884244	1.14522327131883	0.107715055125	hsa-miR-1262
40.29044156275	40.1836724950625	0.99287892091453	0.0119695233581587	-0.106769067687495	hsa-miR-135b-5p
0.15042009325	0.04473722075	0.783638179884244	1.33278264109103	-0.1056828725	hsa-miR-6813-5p
0.05087768075	0.1562351784375	0.783638179884244	0.965244018485939	0.1053574976875	hsa-miR-483-3p
0.215710256375	0.110582559	0.783638179884244	0.990420725422788	-0.105127697375	hsa-miR-516b-5p
0.15042009325	0.0464805659375	0.783638179884244	1.28773005181651	-0.1039395273125	hsa-miR-548f-3p
0	0.1031683658125	0.783638179884244	1.62935732743848	0.1031683658125	hsa-miR-3127-5p
0.102597354625	0	0.783638179884244	2.54697922034129	-0.102597354625	hsa-miR-520a-5p
0.102597354625	0	0.783638179884244	2.54697922034129	-0.102597354625	hsa-miR-6884-5p
0	0.0972434051875	0.783638179884244	1.60525859782654	0.0972434051875	hsa-miR-1468-5p
0.094739930875	0	0.783638179884244	3.94291204678203	-0.094739930875	hsa-miR-4659b-3p
0.215758724125	0.30990442125	0.891113258413726	0.445361570350927	0.094145697125	hsa-miR-1294
0	0.0939381850625	0.783638179884244	1.58605328872525	0.0939381850625	hsa-miR-664a-3p
0.15042009325	0.0570195645625	0.783638179884244	1.03690720136435	-0.0934005286875	hsa-miR-302d-3p
0.031899334875	0.1239307393125	0.783638179884244	1.05546343861948	0.0920314044375	hsa-miR-581
0.031899334875	0.12340265225	0.783638179884244	1.05437500085215	0.091503317375	hsa-miR-450a-2-3p
0	0.0894744414375	0.783638179884244	1.02200720555461	0.0894744414375	hsa-miR-1296-3p
0	0.0894744414375	0.783638179884244	1.02200720555461	0.0894744414375	hsa-miR-4659a-3p
0	0.0894744414375	0.783638179884244	1.02200720555461	0.0894744414375	hsa-miR-4659b-5p
0	0.0894744414375	0.783638179884244	1.02200720555461	0.0894744414375	hsa-miR-4797-3p
0	0.0894744414375	0.783638179884244	1.02200720555461	0.0894744414375	hsa-miR-616-3p
0	0.0894744414375	0.783638179884244	1.02200720555461	0.0894744414375	hsa-miR-6855-5p
0.90270136325	0.9915919583125	0.932210879748883	0.236460942826238	0.0888905950625001	hsa-miR-384
1.105352594375	1.19368592625	0.931800937675729	0.272453299460602	0.0883333318750004	hsa-miR-135b-3p
0.32794264875	0.416124222875	0.889304775173887	0.476279102019466	0.0881815741250001	hsa-miR-766-3p
0.52675102125	0.4394061375	0.893095064339084	0.440145902488631	-0.0873448837499999	hsa-miR-23a-5p
1.006202714875	0.9193616574375	0.931246830807318	0.275179037623515	-0.0868410574374998	hsa-miR-3656
0	0.0861400905	0.783638179884244	1.61945574221208	0.0861400905	hsa-miR-4639-5p
0	0.0851876758125	0.783638179884244	1.51136370942268	0.0851876758125	hsa-miR-1244
0	0.0847892213125	0.783638179884244	1.62017004214226	0.0847892213125	hsa-miR-5683
0	0.0843967453125	0.783638179884244	1.62056889280023	0.0843967453125	hsa-miR-624-5p
0.3159797335	0.23174443	0.889304775173887	0.471551229356444	-0.0842353034999999	hsa-miR-133a-5p
0.06228368875	0.146494006	0.802677183796113	0.766830233974892	0.08421031725	hsa-miR-548ad-5p
0.06228368875	0.146494006	0.802677183796113	0.766830233974892	0.08421031725	hsa-miR-548d-5p
0.201297774	0.1183615958125	0.823762018557452	0.702498027249185	-0.0829361781875	hsa-miR-618
0	0.0825948254375	0.783638179884244	1.01989794853901	0.0825948254375	hsa-miR-1278
0	0.0825948254375	0.783638179884244	1.01989794853901	0.0825948254375	hsa-miR-1915-5p
0	0.0825948254375	0.783638179884244	1.01989794853901	0.0825948254375	hsa-miR-210-5p
0	0.0825948254375	0.783638179884244	1.01989794853901	0.0825948254375	hsa-miR-3690
0	0.0825948254375	0.783638179884244	1.01989794853901	0.0825948254375	hsa-miR-6780a-5p
0	0.08244284725	0.783638179884244	1.61188918818129	0.08244284725	hsa-miR-3928-3p
0.1889229545	0.2711867571875	0.876232431280252	0.525033521007505	0.0822638026875001	hsa-miR-598-3p
0	0.0819876059375	0.783638179884244	1.6123999873176	0.0819876059375	hsa-miR-4677-3p
0.305415718625	0.2241413449375	0.911970244145485	0.345827064619679	-0.0812743736875	hsa-miR-6741-5p
0	0.079319049125	0.783638179884244	1.01870073896836	0.079319049125	hsa-miR-548t-5p
0.695079539875	0.6162383606875	0.932135355268534	0.258109860495986	-0.0788411791874999	hsa-miR-141-3p
0	0.0786654315	0.783638179884244	1.01844429236231	0.0786654315	hsa-miR-3202
0	0.0786654315	0.783638179884244	1.01844429236231	0.0786654315	hsa-miR-3664-3p
0	0.0786654315	0.783638179884244	1.01844429236231	0.0786654315	hsa-miR-508-3p
0	0.07811758925	0.783638179884244	1.5932469258427	0.07811758925	hsa-miR-372-3p
0	0.07811758925	0.783638179884244	1.5932469258427	0.07811758925	hsa-miR-4685-3p
1.5961516	1.674002678625	0.966297204796014	0.110643812030222	0.077851078625	hsa-miR-493-5p
0	0.0768471444375	0.783638179884244	1.61384955888676	0.0768471444375	hsa-miR-380-5p
0.454993818625	0.378273468	0.911970244145485	0.341306878188787	-0.0767203506249999	hsa-miR-2355-3p
0.18796488075	0.111717162125	0.791090515267718	0.855029397258205	-0.0762477186249999	hsa-miR-374c-5p
0	0.0745007703125	0.783638179884244	1.01665354433899	0.0745007703125	hsa-miR-3200-5p
0	0.0745007703125	0.783638179884244	1.01665354433899	0.0745007703125	hsa-miR-514a-3p
0	0.0745007703125	0.783638179884244	1.01665354433899	0.0745007703125	hsa-miR-627-3p
0	0.0744667769375	0.783638179884244	1.56724570056939	0.0744667769375	hsa-miR-3155b
0	0.0732370966875	0.783638179884244	1.55653839096468	0.0732370966875	hsa-miR-454-5p
1.116535803625	1.189362524875	0.945653913651369	0.161567777043632	0.0728267212500004	hsa-miR-1246
0.06379866975	0.1356651834375	0.823762018557452	0.69772828627853	0.0718665136875	hsa-miR-6516-3p
10.82684511375	10.897974746375	0.98087693326085	0.0395107978714541	0.0711296326250022	hsa-miR-197-3p
0.843010231625	0.91255704325	0.932210879748883	0.244785045008562	0.069546811625	hsa-miR-676-5p
0	0.0681594005	0.783638179884244	1.57082419098998	0.0681594005	hsa-miR-3154
0.313089165625	0.380997211375	0.93605455147366	0.198428978077828	0.06790804575	hsa-miR-7976
0.15042009325	0.0825948254375	0.85799335553686	0.577600450001236	-0.0678252678125	hsa-miR-3115
0	0.066979941375	0.783638179884244	1.58347629108968	0.066979941375	hsa-miR-5584-5p
1.578360678625	1.6443850585625	0.971088162157449	0.072130210385762	0.0660243799375004	hsa-miR-483-5p
0	0.06584533825	0.783638179884244	1.01182951962449	0.06584533825	hsa-miR-3667-5p
0	0.06584533825	0.783638179884244	1.01182951962449	0.06584533825	hsa-miR-4743-5p
0	0.06584533825	0.783638179884244	1.01182951962449	0.06584533825	hsa-miR-520g-3p
0	0.06584533825	0.783638179884244	1.01182951962449	0.06584533825	hsa-miR-664b-5p
0	0.06584533825	0.783638179884244	1.01182951962449	0.06584533825	hsa-miR-95-5p
0	0.065750261125	0.783638179884244	1.5753720728352	0.065750261125	hsa-miR-3150a-5p
0	0.065750261125	0.783638179884244	1.5753720728352	0.065750261125	hsa-miR-3150b-3p
0.234717698875	0.1696895713125	0.895274555372731	0.421728288914929	-0.0650281275625	hsa-miR-96-3p
0.06379866975	0	0.783638179884244	2.39330720984916	-0.06379866975	hsa-miR-3620-5p
0.06379866975	0	0.783638179884244	2.39330720984916	-0.06379866975	hsa-miR-4669
0	0.0631099246875	0.783638179884244	1.58441861052264	0.0631099246875	hsa-miR-154-3p
0.062840596	0	0.783638179884244	2.38622626978418	-0.062840596	hsa-miR-183-3p
0.062840596	0	0.783638179884244	2.38622626978418	-0.062840596	hsa-miR-4523
0.062840596	0	0.783638179884244	2.38622626978418	-0.062840596	hsa-miR-4660
0.062840596	0	0.783638179884244	2.38622626978418	-0.062840596	hsa-miR-517a-3p
0.062840596	0	0.783638179884244	2.38622626978418	-0.062840596	hsa-miR-7854-3p
0.102597354625	0.1649101246875	0.841992875231145	0.657065254385063	0.0623127700625	hsa-miR-1303
0.06228368875	0	0.783638179884244	2.38198525308993	-0.06228368875	hsa-miR-20a-3p
0.06228368875	0	0.783638179884244	2.38198525308993	-0.06228368875	hsa-miR-3143
0.06228368875	0	0.783638179884244	2.38198525308993	-0.06228368875	hsa-miR-3614-3p
0.06228368875	0	0.783638179884244	2.38198525308993	-0.06228368875	hsa-miR-4467
0.06228368875	0	0.783638179884244	2.38198525308993	-0.06228368875	hsa-miR-4750-5p
0.06228368875	0	0.783638179884244	2.38198525308993	-0.06228368875	hsa-miR-4792
0.06228368875	0	0.783638179884244	2.38198525308993	-0.06228368875	hsa-miR-499a-3p
0.06228368875	0	0.783638179884244	2.38198525308993	-0.06228368875	hsa-miR-499b-5p
0.06228368875	0	0.783638179884244	2.38198525308993	-0.06228368875	hsa-miR-545-3p
0.06228368875	0	0.783638179884244	2.38198525308993	-0.06228368875	hsa-miR-6085
0.06228368875	0	0.783638179884244	2.38198525308993	-0.06228368875	hsa-miR-6824-3p
0.102597354625	0.0405556053125	0.783638179884244	0.972187477977235	-0.0620417493125	hsa-miR-4726-5p
0.06379866975	0.124952350625	0.798505127369774	0.806988606632647	0.061153680875	hsa-miR-4429
0	0.058229432125	0.783638179884244	1.57361728916756	0.058229432125	hsa-miR-6513-3p
3.928236457125	3.8701821415	0.971088162157449	0.0783875097983637	-0.0580543156249997	hsa-miR-496
0.031899334875	0.0894744414375	0.856029462152595	0.594580518771016	0.0575751065625	hsa-miR-5094
0.102597354625	0.0451924620625	0.794981641366202	0.838490298528471	-0.0574048925625	hsa-miR-4444
0	0.0570195645625	0.783638179884244	1.00459761410305	0.0570195645625	hsa-miR-1229-5p
0	0.0570195645625	0.783638179884244	1.00459761410305	0.0570195645625	hsa-miR-4661-5p
0	0.0570195645625	0.783638179884244	1.00459761410305	0.0570195645625	hsa-miR-5581-3p
0	0.0570195645625	0.783638179884244	1.00459761410305	0.0570195645625	hsa-miR-6779-5p
0	0.0570195645625	0.783638179884244	1.00459761410305	0.0570195645625	hsa-miR-6839-5p
0	0.0570195645625	0.783638179884244	1.00459761410305	0.0570195645625	hsa-miR-92a-2-5p
0	0.056687799875	0.783638179884244	1.00426165916216	0.056687799875	hsa-miR-1227-3p
0	0.056687799875	0.783638179884244	1.00426165916216	0.056687799875	hsa-miR-4785
0	0.056687799875	0.783638179884244	1.00426165916216	0.056687799875	hsa-miR-500b-3p
0	0.056687799875	0.783638179884244	1.00426165916216	0.056687799875	hsa-miR-548w
0	0.056687799875	0.783638179884244	1.00426165916216	0.056687799875	hsa-miR-6511a-5p
0.06228368875	0.11826219075	0.85799335553686	0.575482057639303	0.055978502	hsa-miR-18b-5p
0.13365469625	0.0785728305625	0.819360995234215	0.719145118747405	-0.0550818656875	hsa-miR-8485
0.102597354625	0.157061602375	0.889304775173887	0.470527892698188	0.05446424775	hsa-miR-589-3p
0.290121408625	0.34177501725	0.932210879748883	0.240128708556526	0.051653608625	hsa-miR-485-3p
0.05087768075	0	0.783638179884244	2.26965938578741	-0.05087768075	hsa-miR-3920
0.05087768075	0	0.783638179884244	2.26965938578741	-0.05087768075	hsa-miR-4525
0.05087768075	0	0.783638179884244	2.26965938578741	-0.05087768075	hsa-miR-4717-3p
0.05087768075	0	0.783638179884244	2.26965938578741	-0.05087768075	hsa-miR-518c-3p
0.05087768075	0	0.783638179884244	2.26965938578741	-0.05087768075	hsa-miR-548am-3p
0.226322738875	0.176894219	0.911970244145485	0.358281167576934	-0.049428519875	hsa-miR-369-5p
0.21326068925	0.163941218375	0.930957172602149	0.277812482789297	-0.0493194708749999	hsa-miR-3130-3p
0.21326068925	0.163941218375	0.930957172602149	0.277812482789297	-0.0493194708749999	hsa-miR-3130-5p
6.965267275625	6.916424053625	0.976261288122429	0.0479883018722114	-0.0488432219999977	hsa-miR-200c-3p
0.38119667475	0.33366233725	0.930957172602149	0.288403758197162	-0.0475343374999999	hsa-miR-23c
0.297001387625	0.3440661435	0.934263294669225	0.204759014410789	0.047064755875	hsa-miR-451b
0.031899334875	0.0786654315	0.87185082718662	0.5385520843814	0.046766096625	hsa-miR-296-3p
0	0.0464805659375	0.783638179884244	0.99042199754827	0.0464805659375	hsa-miR-376b-5p
0	0.0464805659375	0.783638179884244	0.99042199754827	0.0464805659375	hsa-miR-376c-5p
0	0.0464805659375	0.783638179884244	0.99042199754827	0.0464805659375	hsa-miR-3912-3p
0	0.0464805659375	0.783638179884244	0.99042199754827	0.0464805659375	hsa-miR-4637
0	0.0464805659375	0.783638179884244	0.99042199754827	0.0464805659375	hsa-miR-4677-5p
0	0.0464805659375	0.783638179884244	0.99042199754827	0.0464805659375	hsa-miR-4796-5p
0	0.0464805659375	0.783638179884244	0.99042199754827	0.0464805659375	hsa-miR-5187-5p
0	0.0464805659375	0.783638179884244	0.99042199754827	0.0464805659375	hsa-miR-629-3p
0	0.0464805659375	0.783638179884244	0.99042199754827	0.0464805659375	hsa-miR-6755-5p
0.202818364	0.2480466920625	0.932135355268534	0.252297207685979	0.0452283280625001	hsa-miR-3913-3p
0.202818364	0.2480466920625	0.932135355268534	0.252297207685979	0.0452283280625001	hsa-miR-3913-5p
0	0.0451924620625	0.783638179884244	0.98803428093917	0.0451924620625	hsa-miR-1273e
0	0.0451924620625	0.783638179884244	0.98803428093917	0.0451924620625	hsa-miR-1911-5p
0	0.0451924620625	0.783638179884244	0.98803428093917	0.0451924620625	hsa-miR-1914-5p
0	0.0451924620625	0.783638179884244	0.98803428093917	0.0451924620625	hsa-miR-548ar-3p
0	0.0451924620625	0.783638179884244	0.98803428093917	0.0451924620625	hsa-miR-6826-5p
0	0.04473722075	0.783638179884244	0.987144754790081	0.04473722075	hsa-let-7a-2-3p
0	0.04473722075	0.783638179884244	0.987144754790081	0.04473722075	hsa-miR-1323
0	0.04473722075	0.783638179884244	0.987144754790081	0.04473722075	hsa-miR-216a-3p
0	0.04473722075	0.783638179884244	0.987144754790081	0.04473722075	hsa-miR-3151-5p
0	0.04473722075	0.783638179884244	0.987144754790081	0.04473722075	hsa-miR-3160-3p
0	0.04473722075	0.783638179884244	0.987144754790081	0.04473722075	hsa-miR-3160-5p
0	0.04473722075	0.783638179884244	0.987144754790081	0.04473722075	hsa-miR-3187-3p
0	0.04473722075	0.783638179884244	0.987144754790081	0.04473722075	hsa-miR-3611
0	0.04473722075	0.783638179884244	0.987144754790081	0.04473722075	hsa-miR-3614-5p
0	0.04473722075	0.783638179884244	0.987144754790081	0.04473722075	hsa-miR-4425
0	0.04473722075	0.783638179884244	0.987144754790081	0.04473722075	hsa-miR-4440
0	0.04473722075	0.783638179884244	0.987144754790081	0.04473722075	hsa-miR-4504
0	0.04473722075	0.783638179884244	0.987144754790081	0.04473722075	hsa-miR-4511
0	0.04473722075	0.783638179884244	0.987144754790081	0.04473722075	hsa-miR-4741
0	0.04473722075	0.783638179884244	0.987144754790081	0.04473722075	hsa-miR-4772-5p
0	0.04473722075	0.783638179884244	0.987144754790081	0.04473722075	hsa-miR-4797-5p
0	0.04473722075	0.783638179884244	0.987144754790081	0.04473722075	hsa-miR-5001-3p
0	0.04473722075	0.783638179884244	0.987144754790081	0.04473722075	hsa-miR-548az-5p
0	0.04473722075	0.783638179884244	0.987144754790081	0.04473722075	hsa-miR-548u
0	0.04473722075	0.783638179884244	0.987144754790081	0.04473722075	hsa-miR-5697
0	0.04473722075	0.783638179884244	0.987144754790081	0.04473722075	hsa-miR-5706
0	0.04473722075	0.783638179884244	0.987144754790081	0.04473722075	hsa-miR-627-5p
0	0.04473722075	0.783638179884244	0.987144754790081	0.04473722075	hsa-miR-6715a-3p
0	0.04473722075	0.783638179884244	0.987144754790081	0.04473722075	hsa-miR-6715b-5p
0	0.04473722075	0.783638179884244	0.987144754790081	0.04473722075	hsa-miR-6767-5p
0	0.04473722075	0.783638179884244	0.987144754790081	0.04473722075	hsa-miR-6807-5p
0	0.04473722075	0.783638179884244	0.987144754790081	0.04473722075	hsa-miR-6829-5p
0	0.04473722075	0.783638179884244	0.987144754790081	0.04473722075	hsa-miR-6850-5p
0	0.04473722075	0.783638179884244	0.987144754790081	0.04473722075	hsa-miR-6862-5p
0	0.04473722075	0.783638179884244	0.987144754790081	0.04473722075	hsa-miR-7850-5p
0	0.04473722075	0.783638179884244	0.987144754790081	0.04473722075	hsa-miR-7855-5p
0	0.04473722075	0.783638179884244	0.987144754790081	0.04473722075	hsa-miR-942-3p
0.3008401865	0.2569077609375	0.932284281238813	0.222173553204689	-0.0439324255624999	hsa-miR-33b-3p
0.217225237375	0.259357659625	0.934263294669225	0.210090096899182	0.04213242225	hsa-miR-146a-3p
0.182319428125	0.1413535445625	0.911970244145485	0.342990750978492	-0.0409658835624999	hsa-miR-362-5p
0	0.0396595245625	0.783638179884244	0.975268987670172	0.0396595245625	hsa-miR-197-5p
0	0.0396595245625	0.783638179884244	0.975268987670172	0.0396595245625	hsa-miR-4754
0	0.03959675925	0.783638179884244	0.975095965764814	0.03959675925	hsa-miR-1270
0	0.03959675925	0.783638179884244	0.975095965764814	0.03959675925	hsa-miR-211-3p
0	0.03959675925	0.783638179884244	0.975095965764814	0.03959675925	hsa-miR-4532
0	0.03959675925	0.783638179884244	0.975095965764814	0.03959675925	hsa-miR-4777-3p
0	0.03959675925	0.783638179884244	0.975095965764814	0.03959675925	hsa-miR-5000-3p
0	0.03959675925	0.783638179884244	0.975095965764814	0.03959675925	hsa-miR-511-3p
0	0.03959675925	0.783638179884244	0.975095965764814	0.03959675925	hsa-miR-6514-5p
0	0.03959675925	0.783638179884244	0.975095965764814	0.03959675925	hsa-miR-6820-5p
0.05087768075	0.0903849240625	0.91067901600057	0.375190110644171	0.0395072433125	hsa-miR-548q
0.06228368875	0.1017567853125	0.889304775173887	0.469282671917876	0.0394730965625	hsa-miR-548ap-3p
0.395023210125	0.35642598925	0.950869121027529	0.144065947962121	-0.0385972208749999	hsa-miR-1251-3p
0.05087768075	0.0894744414375	0.911970244145485	0.369392351421562	0.0385967606875	hsa-miR-450a-1-3p
0.889512132125	0.850969383875	0.971088162157449	0.0993780927146349	-0.0385427482499999	hsa-miR-134-3p
0.95888280675	0.9214121400625	0.970078909558062	0.103065192407838	-0.0374706666874994	hsa-miR-874-5p
1.551538173625	1.5888979509375	0.971088162157449	0.0669575907562019	0.0373597773125001	hsa-miR-3120-5p
0	0.0372503851875	0.783638179884244	0.968059345948746	0.0372503851875	hsa-miR-1289
0	0.0372503851875	0.783638179884244	0.968059345948746	0.0372503851875	hsa-miR-3174
0	0.0372503851875	0.783638179884244	0.968059345948746	0.0372503851875	hsa-miR-512-3p
0	0.0372503851875	0.783638179884244	0.968059345948746	0.0372503851875	hsa-miR-526b-5p
0	0.0372503851875	0.783638179884244	0.968059345948746	0.0372503851875	hsa-miR-6507-5p
0	0.0372503851875	0.783638179884244	0.968059345948746	0.0372503851875	hsa-miR-7107-3p
0.094183023625	0.0570195645625	0.876670220220871	0.520073318041658	-0.0371634590625	hsa-miR-548j-3p
0.234717698875	0.1982904931875	0.932135355268534	0.253129937196088	-0.0364272056875	hsa-miR-1911-3p
0.102597354625	0.1386754058125	0.911970244145485	0.35165227349166	0.0360780511875	hsa-miR-510-3p
0.102597354625	0.1377927523125	0.932135355268534	0.257052005409943	0.0351953976875	hsa-miR-3934-5p
0.201297774	0.2362304096875	0.94215404231947	0.187278621439056	0.0349326356875	hsa-miR-7706
0.362842849	0.327989598125	0.932210879748883	0.229140789651821	-0.0348532508749999	hsa-miR-3661
0	0.0333803685	0.783638179884244	0.953505717264767	0.0333803685	hsa-miR-2276-3p
0	0.0333803685	0.783638179884244	0.953505717264767	0.0333803685	hsa-miR-4690-3p
0	0.0333803685	0.783638179884244	0.953505717264767	0.0333803685	hsa-miR-4721
0	0.0333803685	0.783638179884244	0.953505717264767	0.0333803685	hsa-miR-4800-3p
0	0.0333803685	0.783638179884244	0.953505717264767	0.0333803685	hsa-miR-552-3p
0	0.0333803685	0.783638179884244	0.953505717264767	0.0333803685	hsa-miR-552-5p
0	0.0333803685	0.783638179884244	0.953505717264767	0.0333803685	hsa-miR-6774-5p
0.06379866975	0.096284559125	0.907220311996702	0.391619148146537	0.032485889375	hsa-miR-4665-5p
0.031899334875	0	0.783638179884244	1.88566768769447	-0.031899334875	hsa-miR-1273c
0.031899334875	0	0.783638179884244	1.88566768769447	-0.031899334875	hsa-miR-302a-3p
0.031899334875	0	0.783638179884244	1.88566768769447	-0.031899334875	hsa-miR-302c-3p
0.031899334875	0	0.783638179884244	1.88566768769447	-0.031899334875	hsa-miR-3163
0.031899334875	0	0.783638179884244	1.88566768769447	-0.031899334875	hsa-miR-4424
0.031899334875	0	0.783638179884244	1.88566768769447	-0.031899334875	hsa-miR-4512
0.031899334875	0	0.783638179884244	1.88566768769447	-0.031899334875	hsa-miR-4709-5p
0.031899334875	0	0.783638179884244	1.88566768769447	-0.031899334875	hsa-miR-5010-3p
0.031899334875	0	0.783638179884244	1.88566768769447	-0.031899334875	hsa-miR-6501-5p
0.031899334875	0	0.783638179884244	1.88566768769447	-0.031899334875	hsa-miR-6806-3p
0	0.0297295561875	0.783638179884244	0.935144448300638	0.0297295561875	hsa-miR-1255a
0	0.0297295561875	0.783638179884244	0.935144448300638	0.0297295561875	hsa-miR-3193
0	0.0297295561875	0.783638179884244	0.935144448300638	0.0297295561875	hsa-miR-3939
0	0.0297295561875	0.783638179884244	0.935144448300638	0.0297295561875	hsa-miR-4647
0	0.0297295561875	0.783638179884244	0.935144448300638	0.0297295561875	hsa-miR-6740-5p
0	0.0297295561875	0.783638179884244	0.935144448300638	0.0297295561875	hsa-miR-6868-3p
0.153426567625	0.1245981551875	0.932210879748883	0.246885501917758	-0.0288284124375	hsa-miR-541-3p
0	0.0284998759375	0.783638179884244	0.927608392489872	0.0284998759375	hsa-miR-1268a
0	0.0284998759375	0.783638179884244	0.927608392489872	0.0284998759375	hsa-miR-1910-3p
0	0.0284998759375	0.783638179884244	0.927608392489872	0.0284998759375	hsa-miR-26a-1-3p
0	0.0284998759375	0.783638179884244	0.927608392489872	0.0284998759375	hsa-miR-3190-5p
0	0.0284998759375	0.783638179884244	0.927608392489872	0.0284998759375	hsa-miR-3191-3p
0	0.0284998759375	0.783638179884244	0.927608392489872	0.0284998759375	hsa-miR-6793-3p
0.219307308375	0.247665424125	0.944873083317264	0.174253786133594	0.0283581157500001	hsa-miR-660-3p
0.15042009325	0.1221915846875	0.934263294669225	0.209149852364093	-0.0282285085624999	hsa-miR-619-5p
0.1260823585	0.154299491	0.932210879748883	0.243844415779498	0.0282171325	hsa-miR-485-5p
0.06228368875	0.0899296828125	0.911970244145485	0.354842995698497	0.0276459940625	hsa-miR-548a-3p
0.062840596	0.0899296828125	0.911970244145485	0.346332486366446	0.0270890868125	hsa-miR-4645-3p
0.626981218875	0.6524898116875	0.971088162157449	0.0890340909795879	0.0255085928125001	hsa-miR-320e
0.19829535925	0.17387118675	0.954474870532739	0.135124944614896	-0.0244241725	hsa-miR-4707-3p
0.06228368875	0.0864173560625	0.929881049102139	0.302371171187896	0.0241336673125	hsa-miR-6805-5p
0.688756468125	0.668417288375	0.971088162157449	0.0752032244606411	-0.0203391797499997	hsa-miR-33a-3p
0.439912408125	0.4598696846875	0.971088162157449	0.0680561517414132	0.0199572765625	hsa-miR-654-5p
0.212703782	0.194342066625	0.966297204796014	0.110429124008934	-0.018361715375	hsa-miR-3200-3p
0.05087768075	0.0333803685	0.911970244145485	0.361167533381096	-0.01749731225	hsa-miR-5100
0.26565896	0.248468119625	0.971088162157449	0.0901240363181229	-0.017190840375	hsa-miR-1277-3p
0.51174796125	0.527909359375	0.971088162157449	0.0837804273418301	0.0161613981250001	hsa-miR-29b-1-5p
0.06228368875	0.07811758925	0.934263294669225	0.215590734059024	0.0158339005	hsa-miR-659-5p
0.05087768075	0.06584533825	0.943519091985859	0.178091725637804	0.0149676575	hsa-miR-2355-5p
0.05087768075	0.0372503851875	0.932135355268534	0.255338238904156	-0.0136272955625	hsa-miR-3186-3p
0.031899334875	0.04473722075	0.932210879748883	0.225898398862627	0.012837885875	hsa-miR-202-3p
0.031899334875	0.04473722075	0.932210879748883	0.225898398862627	0.012837885875	hsa-miR-376c-3p
0.031899334875	0.04473722075	0.932210879748883	0.225898398862627	0.012837885875	hsa-miR-548b-5p
0.05087768075	0.0405556053125	0.943519091985859	0.178763464187895	-0.0103220754375	hsa-miR-6873-3p
0.236252050875	0.2267224061875	0.971088162157449	0.0671359302370969	-0.00952964468749995	hsa-miR-196a-5p
0.031899334875	0.0405556053125	0.945653913651369	0.162002113825206	0.0086562704375	hsa-miR-610
0.031899334875	0.0396595245625	0.950650880972324	0.147193461925991	0.0077601896875	hsa-miR-5189-5p
0.031899334875	0.03959675925	0.950650880972324	0.146140546463525	0.007697424375	hsa-miR-4533
0.06228368875	0.0570195645625	0.971088162157449	0.0657304197122122	-0.00526412418749999	hsa-miR-616-5p
0.258778981	0.2538014028125	0.982462412364804	0.0338411501629478	-0.00497757818749994	hsa-miR-224-3p
0.031899334875	0.0284998759375	0.971088162157449	0.080602190946032	-0.0033994589375	hsa-miR-219a-1-3p
0.031899334875	0.0333803685	0.983331897918012	0.0308980282235788	0.001481033625	hsa-miR-6720-3p
