Mixture	CRC01	CRC02	CRC03	CRC04	CRC05	CRC06	CRC07	CRC08	CRC09	CRC10	CRC11	CRC12	CRC13	CRC14	CRC15	CRC16	CRC17	CRC18	CRC19	CRC20	CRC21	CRC22	CRC23	CRC24	CRC25	CRC26	CRC27	CRC28	CRC29	CRC30	CRC31	CRC32	CRC33	CRC34	CRC35
B_cells_naive	0.019858706	0	0.072325011	0	0.103590678	0	0.134092014	0	0.00996645	0	0	0.084741171	0	0.021748436	0.037827205	0	0.062278344	0	0	0	0.03319356	0.043462498	0.008308159	0.059195688	0.063097157	0	0	0	0.009102726	0.01530159	0	0.126956042	0.011720978	0.002615248	0
B_cells_memory	0.050834999	0.041059308	0.05298782	0.094331242	0.080354468	0.156891052	0.029614038	0.081148148	0.050877074	0.132394078	0.062090345	0	0.109187584	0.028446278	0.057658676	0.084121673	0	0.068011245	0.037489367	0.152550691	0.09726341	0.063536509	0.149552327	0.053080375	0.021025341	0.149758782	0.235814203	0.174259223	0.054664906	0.122439881	0.169596094	0.085249788	0.035439856	0.085378533	0.078281736
Plasma_cells	0	0	0	0	0	0	0	0	0	0	0	0	0	0	0	0	0	0	0	0.007470835	0	0	0	0	0	0	0	0	0	0	0	0	0	0	0
T_cells_CD8	0.146409142	0.075989708	0.118095855	0.065949442	0.015716004	0.050419618	0.094308962	0.234562583	0.223784772	0.175952348	0.01353878	0.184428624	0.071330993	0.133561414	0.20104403	0.120310416	0.2029728	0.011914862	0.242849695	0.180373869	0.051336208	0.085287398	0.14184555	0.078795974	0.06912537	0.036819175	0.253993002	0.083949069	0.216055195	0.049740639	0.075588631	0	0.231468732	0.074818566	0.126111528
T_cells_CD4_naive	0	0	0	0.13877252	0	0	0	0	0	0	0	0	0	0	0	0	0	0	0	0.005761995	0	0	0	0	0	0	0	0	0	0	0	0	0	0	0
T_cells_CD4_memory_resting	0.124177198	0.148679493	0.230331146	0.214500946	0.142268516	0.154070104	0.017940414	0.085750879	0.132007256	0.080652749	0.146522898	0.136331622	0.147375661	0.115960624	0.235083535	0.165311792	0.130961846	0.098732439	0	0.037048038	0.153934747	0.156944349	0.164380198	0.181371367	0.299584188	0.318112925	0.120177853	0.201944379	0.115970185	0.179654225	0.226009116	0.265524294	0	0.187122985	0.198097873
T_cells_CD4_memory_activated	0.148634093	0.129346365	0.114206717	0.118286724	0.101253469	0.182710669	0.095838718	0.176447949	0.088174743	0.088729533	0.042471	0.06451325	0.139520506	0.123063489	0.097201514	0.106623514	0.14035688	0.094862005	0.161429178	0.108110254	0.158911941	0.159143505	0.079116372	0.134832627	0.079535197	0.047653181	0.00838148	0.120153343	0.148357455	0.031962599	0.087877343	0.052358983	0.17749781	0.181079371	0.113174078
T_cells_follicular_helper	0	0	0	0	0	0	0	0	0	0	0	0	0	0	0	0	0	0	0	0	0	0	0	0	0	0	0	0	0	0	0	0.010105107	0.001133138	0	0
T_cells_regulatory_Tregs	0	0	0	0	0	0	0	0	0	0.006158961	0.019512011	0	0	0	0	0	0	0	0	0	0	0	0	0.026586703	0	0	0.024754333	0	0	0	0	0	0	0	0
T_cells_gamma_delta	0.017268924	0	0	0.02684572	0.015546114	0	0	0	0	0	0	0.158674021	0	0	0.013846916	0	0	0.007740502	0.002207859	0	0	0	0	0	0.006437167	0	0	0	0	0.029604431	0	0	0	0	0
NK_cells_resting	0.204368936	0.246117282	0.144945667	0.119590811	0.129360568	0.171989324	0.124089962	0.178125374	0.204754727	0.091661334	0.191416048	0.092756381	0.226369703	0.09330268	0.090666763	0.146176165	0.231058439	0.115972605	0.094466479	0.212022702	0.123391105	0.061574736	0.098085166	0.140898902	0.112584407	0.21833789	0.073327672	0.194618062	0.085995311	0.075953757	0.148957384	0.138796953	0.179428908	0.105802839	0.230612109
NK_cells_activated	0	0	0	0	0	0	0	0	0	0	0.019448218	0.025242789	0	0.003864672	0	0	0	0	0	0	0	0	0.053665528	0	0	0	0.050726362	0	0	0	0	0	0	0	0
Monocytes	0.172061359	0.203485027	0.156671536	0.100976463	0.258335052	0.167461805	0.395523045	0.067205712	0.162154043	0.062224917	0.337110108	0.075329085	0.205396779	0.252680739	0.180047896	0.272721931	0.133857952	0.160616463	0.063165752	0.131234877	0.141458701	0.244732168	0.117022574	0.199090265	0.120081297	0.144472253	0.134387113	0.110330146	0.128420316	0.23662669	0.100824302	0.137409927	0.100735148	0.19676183	0.121171697
Macrophages_M0	0.002534297	0.016838642	0.005199456	0	0.037077794	0.019460542	0.050222609	0.020506043	0.005757198	0	0.027977681	0.006584371	0	0.043351116	0.008726418	0.028737761	0.026531874	0.0046575	0	0.010379908	0.022195386	0.018010467	0.045600945	0	0.005637563	0	0.00171342	0.020694931	0.00893867	0.009671124	0	0	0.024805011	0.019148691	0.042403999
Macrophages_M1	0.003940976	0.004158982	0.014373575	0.014979159	0.000626131	0.001244765	0	0.003610482	0.010787284	0	0.006396062	0.004349287	0.00479318	0.002198685	0.00349173	0.002988417	0.000330566	0.004774052	0.003781817	0.003927314	0.002649491	0.001715305	0.003570763	0.006987595	0.005525179	0.006726661	0	0.009399527	0.002186752	0.019644646	0.005310993	0	0.003319082	0.000448341	0.002299677
Macrophages_M2	0	0	0	0	0	0	0	0	0	0.00946318	0	0.003583479	0.017014307	0	0.013894239	0	0	0	0	0.009631064	0	0	0	0.020643704	0.006876511	0.00237219	9.46E-05	0.015017242	0.015619234	0.007060333	0.008390106	0	0.000418922	0	0.002468346
Dendritic_cells_resting	0.012020712	0.004247461	0.023569838	0.017897746	0.009164782	0.000753174	0	0.008874625	0.01052289	0	0.002170297	0.001429671	0.007287461	0	0.000319884	0	0	0	0.005258267	0	3.74E-05	0	0.004226541	0.015542043	0	0.005355171	0	0.00566811	0.006700268	0	0.01626824	0	0	0.005401831	0
Dendritic_cells_activated	0	0	0.002568026	0	2.39E-05	0.00411855	0	0	0	0	0	0	0.002735063	0	0.001639633	0	4.61E-05	0	0	0	0	0.007245324	0.001220853	0	0.005335312	0.000601506	0	0	0.005666796	0	0	0.003055658	0	0.008504281	0
Mast_cells_resting	0.010878602	0.031216455	0	0	0.028673619	0.036896817	0.046231046	0.041552641	0.036504105	0	0.037673116	0.030549857	0	0.027845027	0.024850542	0.020897864	0.02412942	0	0.008323058	0.006254051	0.041941985	0.029057539	0.080961087	0.026875688	0.025559528	0	0.035130956	0	0.027095037	0.077397233	0	0	0.078843188	0.035511714	0.041935569
Mast_cells_activated	0	0	0.022194299	0.00296652	0	0	0	0	0	0.0186516	0	0	0.004102281	0	0	0	0	0	0	0	0	0	0	0	0	0	0	0	0	0	0	0.008735182	0	0	0
Eosinophils	0.039021619	0.019888503	0.024012621	0.053234641	0.032507267	0.032990823	0.012139192	0.015160792	0.029802691	0.011329918	0.008602146	0.068275064	0.014107263	0.005894695	0	0.015465706	0.037783031	0.000410648	0	0.04660518	0.005590004	0.001399172	0.007256504	0.028085175	0.063745949	0	0.012608867	0.043068005	0.041464524	0.020104179	0.064246372	0.084598585	0	0.031715408	0.017598736
Neutrophils	0.047990437	0.078972775	0.018518433	0.031668066	0.045501678	0.020992756	0	0.087054773	0.034906766	0.322781383	0.085071289	0.063211329	0.050779219	0.148082146	0.033701019	0.036644761	0.00969272	0.432307678	0.381028528	0.088629222	0.168096017	0.12789103	0.045187431	0.028013893	0.115849835	0.069790265	0.048890104	0.020897964	0.133762626	0.124838673	0.09693142	0.087209481	0.155189227	0.065690363	0.025844652